[-1.  1.  1. -1.  1. -1.  1.  1.  1. -1. -1. -1.  1.  1. -1.  1. -1.  1.]
2.0
8.0
24.0
[-1.  1.  1. -1.  1. -1.  1. -1.  1. -1.  1.  1.  1. -1. -1. -1. -1.  1.]
0.0
9.0
23.0
[ 1. -1. -1.  1. -1.  1.  1. -1. -1.  1.  1.  1. -1. -1.  1. -1.  1. -1.]
0.0
9.0
23.0
[-1.  1.  1. -1.  1. -1. -1.  1.  1. -1. -1. -1.  1.  1. -1.  1. -1. -1.]
-2.0
10.0
22.0
[-1.  1.  1. -1.  1. -1.  1. -1.  1. -1.  1. -1.  1. -1. -1. -1. -1.  1.]
-2.0
10.0
24.0
[-1. -1. -1. -1.  1. -1.  1. -1.  1. -1.  1.  1.  1. -1. -1. -1. -1.  1.]
-4.0
11.0
21.0
[-1.  1.  1. -1.  1. -1.  1.  1.  1. -1. -1. -1.  1.  1. -1.  1. -1.  1.]
2.0
8.0
24.0
[-1.  1.  1. -1.  1.  1. -1.  1.  1.  1. -1. -1. -1.  1. -1.  1. -1. -1.]
0.0
9.0
23.0
[ 1. -1. -1.  1. -1.  1. -1.  1. -1.  1. -1. -1. -1.  1.  1.  1.  1. -1.]
0.0
9.0
23.0
[-1.  1.  1. -1. -1.  1. -1.  1. -1.  1. -1. -1. -1.  1. -1.  1. -1. -1.]
-4.0
11.0
21.0
mean:22.8 max_cut_gw:24.0
