[-1.  1. -1.  1.  1. -1. -1. -1. -1. -1.  1.  1.  1. -1.  1. -1.  1.  1.
 -1.  1.  1.  1. -1.  1. -1. -1.]
0.0
13.0
33.0
[-1.  1. -1. -1.  1. -1. -1.  1.  1. -1.  1.  1.  1. -1.  1. -1.  1.  1.
 -1.  1. -1.  1. -1.  1. -1. -1.]
0.0
13.0
33.0
[-1.  1. -1.  1.  1. -1.  1. -1. -1.  1.  1. -1. -1. -1.  1. -1.  1.  1.
 -1. -1.  1. -1.  1.  1. -1. -1.]
-2.0
14.0
32.0
[ 1. -1.  1. -1. -1.  1. -1.  1.  1.  1. -1.  1. -1.  1. -1.  1. -1. -1.
  1. -1. -1. -1.  1. -1.  1.  1.]
0.0
13.0
33.0
[ 1. -1.  1. -1. -1.  1. -1.  1.  1. -1. -1.  1.  1.  1. -1.  1. -1. -1.
  1.  1. -1.  1. -1. -1.  1.  1.]
2.0
12.0
32.0
[-1.  1. -1.  1.  1. -1. -1. -1. -1. -1.  1.  1.  1. -1.  1. -1.  1.  1.
 -1.  1.  1.  1. -1.  1. -1. -1.]
0.0
13.0
33.0
[-1.  1. -1. -1.  1. -1. -1.  1.  1. -1. -1.  1.  1. -1.  1. -1.  1. -1.
 -1.  1. -1.  1. -1.  1. -1. -1.]
-4.0
15.0
31.0
[ 1. -1.  1. -1. -1.  1.  1.  1.  1.  1. -1. -1. -1.  1. -1.  1. -1. -1.
  1. -1. -1. -1.  1. -1.  1.  1.]
0.0
13.0
33.0
[ 1. -1.  1. -1. -1.  1. -1.  1.  1.  1. -1.  1. -1.  1. -1.  1. -1. -1.
  1. -1. -1. -1.  1. -1.  1.  1.]
0.0
13.0
33.0
[-1.  1. -1.  1.  1. -1.  1. -1. -1. -1.  1. -1.  1. -1.  1. -1.  1.  1.
 -1.  1.  1.  1. -1.  1. -1. -1.]
0.0
13.0
33.0
mean:32.6 max_cut_gw:33.0
