[-1.  1. -1.  1. -1. -1. -1.  1. -1.  1. -1.  1.  1.  1.  1. -1.]
0.0
8.0
20.0
[-1.  1. -1.  1. -1. -1. -1.  1. -1.  1. -1.  1.  1.  1.  1. -1.]
0.0
8.0
20.0
[ 1. -1.  1. -1.  1. -1.  1. -1.  1. -1.  1. -1. -1.  1. -1. -1.]
-2.0
9.0
21.0
[-1.  1. -1.  1. -1. -1. -1.  1. -1.  1. -1.  1.  1. -1.  1. -1.]
-2.0
9.0
19.0
[-1.  1. -1.  1. -1. -1. -1.  1. -1.  1. -1.  1.  1.  1.  1. -1.]
0.0
8.0
20.0
[-1.  1. -1.  1. -1.  1. -1.  1. -1.  1. -1.  1.  1. -1.  1.  1.]
2.0
7.0
21.0
[ 1. -1.  1. -1.  1. -1.  1. -1.  1. -1.  1. -1. -1.  1. -1. -1.]
-2.0
9.0
21.0
[-1.  1. -1.  1. -1.  1. -1.  1. -1.  1. -1.  1.  1. -1.  1.  1.]
2.0
7.0
21.0
[-1.  1. -1.  1. -1.  1.  1. -1.  1. -1.  1. -1. -1. -1.  1.  1.]
0.0
8.0
20.0
[-1.  1. -1.  1. -1.  1.  1. -1.  1. -1.  1. -1. -1. -1.  1.  1.]
0.0
8.0
20.0
mean:20.3 max_cut_gw:21.0
