[-1.  1.  1.  1. -1. -1.  1.  1. -1. -1.  1.  1. -1.  1. -1.  1.  1. -1.
 -1.  1.]
2.0
9.0
25.0
[-1.  1.  1. -1.  1.  1.  1. -1.  1. -1. -1.  1. -1.  1. -1. -1. -1. -1.
 -1.  1.]
-2.0
11.0
25.0
[-1.  1.  1.  1. -1. -1.  1. -1. -1. -1.  1.  1. -1.  1. -1.  1. -1. -1.
 -1.  1.]
-2.0
11.0
27.0
[ 1. -1. -1. -1.  1.  1. -1. -1.  1.  1. -1.  1.  1.  1.  1. -1. -1.  1.
  1.  1.]
4.0
8.0
22.0
[ 1. -1. -1.  1. -1.  1. -1.  1. -1.  1. -1. -1.  1. -1.  1. -1.  1.  1.
  1. -1.]
0.0
10.0
26.0
[ 1. -1. -1. -1.  1.  1. -1. -1.  1.  1. -1.  1.  1.  1.  1. -1. -1.  1.
  1.  1.]
4.0
8.0
22.0
[ 1. -1. -1. -1. -1.  1. -1.  1.  1.  1. -1. -1.  1. -1.  1. -1.  1.  1.
  1. -1.]
0.0
10.0
26.0
[ 1. -1. -1.  1. -1.  1. -1.  1. -1.  1. -1. -1.  1. -1.  1. -1.  1.  1.
  1. -1.]
0.0
10.0
26.0
[-1.  1. -1.  1. -1. -1. -1.  1. -1. -1.  1. -1. -1. -1. -1.  1.  1. -1.
  1. -1.]
-6.0
13.0
21.0
[ 1. -1. -1.  1. -1. -1. -1.  1. -1. -1.  1. -1.  1. -1.  1.  1.  1. -1.
  1. -1.]
-2.0
11.0
23.0
mean:24.3 max_cut_gw:27.0
