[-1.  1. -1. -1.  1.  1. -1. -1. -1.  1.]
-2.0
6.0
12.0
[-1.  1. -1. -1.  1.  1. -1. -1. -1.  1.]
-2.0
6.0
12.0
[ 1. -1. -1.  1. -1. -1.  1.  1.  1. -1.]
0.0
5.0
11.0
[-1. -1. -1.  1.  1. -1. -1. -1. -1.  1.]
-4.0
7.0
9.0
[-1.  1. -1. -1.  1. -1.  1. -1.  1.  1.]
0.0
5.0
11.0
[-1.  1.  1. -1.  1. -1.  1. -1.  1.  1.]
2.0
4.0
10.0
[ 1. -1.  1.  1. -1.  1. -1.  1. -1. -1.]
0.0
5.0
11.0
[-1.  1. -1. -1.  1.  1. -1. -1. -1.  1.]
-2.0
6.0
12.0
[ 1. -1. -1.  1. -1. -1.  1.  1.  1. -1.]
0.0
5.0
11.0
[-1.  1. -1.  1.  1.  1. -1. -1. -1.  1.]
0.0
5.0
11.0
mean:11.0 max_cut_gw:12.0
