[-1.  1. -1.  1. -1.  1. -1. -1. -1.  1.  1. -1.  1. -1.  1. -1. -1.  1.
  1. -1. -1.  1.]
-2.0
12.0
28.0
[-1.  1. -1.  1.  1.  1.  1. -1. -1. -1.  1. -1.  1.  1.  1. -1. -1.  1.
  1. -1.  1.  1.]
4.0
9.0
27.0
[-1.  1. -1.  1.  1.  1.  1. -1. -1. -1.  1. -1.  1.  1.  1. -1. -1.  1.
  1. -1.  1. -1.]
2.0
10.0
28.0
[ 1.  1. -1.  1. -1. -1. -1. -1. -1.  1. -1.  1.  1. -1.  1. -1. -1. -1.
  1.  1. -1.  1.]
-2.0
12.0
26.0
[ 1.  1.  1. -1. -1. -1. -1.  1. -1.  1. -1.  1.  1.  1. -1.  1.  1.  1.
 -1.  1. -1. -1.]
2.0
10.0
26.0
[ 1.  1.  1.  1. -1.  1. -1.  1. -1.  1.  1. -1.  1. -1.  1. -1. -1.  1.
  1.  1. -1.  1.]
6.0
8.0
24.0
[-1. -1. -1.  1.  1.  1.  1. -1.  1. -1.  1. -1. -1.  1.  1. -1. -1. -1.
  1. -1.  1. -1.]
-2.0
12.0
28.0
[ 1. -1. -1.  1. -1. -1. -1. -1.  1.  1. -1.  1. -1. -1.  1.  1. -1. -1.
  1.  1. -1.  1.]
-2.0
12.0
28.0
[ 1. -1.  1. -1. -1. -1. -1.  1.  1.  1. -1.  1. -1. -1. -1.  1.  1.  1.
 -1.  1. -1. -1.]
-2.0
12.0
26.0
[-1.  1. -1.  1. -1.  1. -1. -1. -1.  1.  1. -1.  1. -1.  1. -1. -1. -1.
  1.  1. -1.  1.]
-2.0
12.0
26.0
mean:26.7 max_cut_gw:28.0
