[-1. -1.  1. -1.  1. -1.  1. -1.  1. -1. -1.  1. -1.  1.  1. -1.  1. -1.
  1. -1.  1. -1. -1.  1. -1. -1.  1.  1.  1.  1.]
0.0
15.0
39.0
[-1.  1.  1. -1. -1.  1. -1.  1. -1.  1.  1. -1.  1. -1. -1.  1. -1.  1.
 -1.  1. -1.  1. -1.  1.  1.  1. -1. -1. -1. -1.]
-2.0
16.0
38.0
[ 1. -1. -1.  1.  1. -1.  1. -1.  1. -1. -1.  1. -1.  1.  1. -1.  1. -1.
  1. -1. -1. -1.  1. -1. -1. -1.  1.  1.  1.  1.]
0.0
15.0
39.0
[ 1.  1. -1.  1. -1.  1.  1.  1. -1.  1.  1. -1.  1. -1. -1.  1. -1.  1.
 -1.  1. -1.  1.  1. -1. -1.  1. -1. -1. -1.  1.]
2.0
14.0
38.0
[ 1.  1. -1.  1. -1. -1.  1.  1. -1.  1.  1. -1.  1. -1. -1.  1. -1.  1.
 -1.  1. -1. -1.  1. -1. -1.  1. -1.  1. -1.  1.]
0.0
15.0
37.0
[-1.  1.  1. -1. -1.  1. -1.  1.  1. -1.  1.  1. -1. -1.  1.  1. -1.  1.
 -1.  1.  1.  1. -1.  1.  1.  1.  1. -1. -1. -1.]
4.0
13.0
39.0
[ 1. -1. -1.  1.  1. -1.  1.  1. -1.  1.  1. -1.  1.  1. -1.  1. -1.  1.
  1.  1. -1. -1.  1. -1. -1.  1. -1.  1. -1.  1.]
4.0
13.0
35.0
[ 1. -1. -1.  1.  1. -1.  1. -1.  1. -1. -1.  1. -1.  1.  1. -1.  1. -1.
  1. -1.  1. -1.  1. -1. -1. -1.  1.  1.  1.  1.]
2.0
14.0
38.0
[ 1.  1. -1.  1. -1.  1.  1.  1. -1.  1.  1. -1.  1. -1. -1.  1. -1.  1.
 -1.  1. -1.  1.  1. -1. -1.  1. -1. -1. -1.  1.]
2.0
14.0
38.0
[-1. -1.  1. -1.  1.  1. -1. -1.  1. -1. -1.  1. -1.  1.  1. -1.  1. -1.
  1. -1.  1.  1. -1.  1.  1. -1.  1. -1.  1. -1.]
0.0
15.0
37.0
mean:37.8 max_cut_gw:39.0
