[-1. -1. -1.  1. -1.  1. -1.  1. -1.  1.  1.  1.]
0.0
6.0
16.0
[-1. -1. -1.  1. -1.  1. -1.  1. -1.  1.  1.  1.]
0.0
6.0
16.0
[-1.  1.  1. -1. -1.  1. -1.  1.  1.  1. -1.  1.]
2.0
5.0
15.0
[-1.  1. -1. -1. -1.  1. -1.  1. -1.  1.  1.  1.]
0.0
6.0
14.0
[ 1.  1.  1. -1.  1. -1.  1. -1.  1. -1. -1. -1.]
0.0
6.0
16.0
[-1.  1.  1. -1.  1. -1.  1. -1.  1.  1. -1. -1.]
0.0
6.0
14.0
[-1. -1. -1.  1. -1.  1. -1.  1. -1.  1.  1.  1.]
0.0
6.0
16.0
[ 1.  1.  1. -1.  1. -1.  1. -1.  1. -1. -1. -1.]
0.0
6.0
16.0
[ 1. -1.  1.  1.  1. -1.  1. -1.  1. -1. -1. -1.]
0.0
6.0
14.0
[-1.  1.  1. -1.  1.  1. -1. -1.  1.  1. -1. -1.]
0.0
6.0
14.0
mean:15.1 max_cut_gw:16.0
