[-1.  1. -1.  1.  1.  1.  1. -1.  1. -1.  1. -1.  1.  1. -1. -1.  1. -1.
 -1.  1. -1.  1.  1. -1.]
2.0
11.0
33.0
[-1.  1. -1.  1.  1. -1. -1.  1. -1.  1. -1.  1. -1. -1.  1.  1. -1.  1.
  1.  1.  1. -1. -1.  1.]
2.0
11.0
31.0
[-1.  1. -1.  1.  1. -1. -1.  1.  1. -1.  1. -1. -1. -1.  1.  1. -1.  1.
 -1.  1. -1. -1.  1.  1.]
0.0
12.0
30.0
[ 1.  1. -1. -1. -1.  1.  1. -1.  1. -1.  1. -1.  1.  1. -1. -1.  1. -1.
 -1.  1. -1.  1.  1. -1.]
0.0
12.0
32.0
[ 1. -1.  1. -1. -1.  1.  1. -1. -1.  1. -1.  1.  1. -1. -1. -1. -1. -1.
  1. -1.  1.  1. -1. -1.]
-4.0
14.0
28.0
[-1.  1. -1.  1.  1. -1.  1. -1.  1. -1.  1. -1. -1.  1. -1.  1.  1. -1.
 -1.  1. -1. -1.  1. -1.]
-2.0
13.0
31.0
[ 1. -1.  1. -1. -1.  1.  1. -1. -1.  1. -1.  1.  1. -1. -1. -1. -1.  1.
  1. -1.  1.  1. -1. -1.]
-2.0
13.0
29.0
[ 1. -1.  1. -1. -1.  1.  1. -1.  1. -1.  1. -1.  1.  1. -1. -1.  1. -1.
 -1. -1. -1.  1.  1. -1.]
-2.0
13.0
31.0
[-1.  1. -1.  1.  1.  1.  1. -1.  1. -1.  1. -1. -1.  1. -1.  1.  1. -1.
 -1.  1. -1. -1.  1. -1.]
0.0
12.0
32.0
[-1.  1. -1.  1.  1. -1. -1.  1.  1. -1.  1. -1. -1.  1. -1.  1.  1. -1.
 -1.  1. -1. -1.  1. -1.]
-2.0
13.0
31.0
mean:30.8 max_cut_gw:33.0
