[ 1. -1.  1. -1.  1.  1.  1. -1. -1.  1.  1. -1.  1.  1. -1.  1. -1. -1.
  1.  1.  1. -1.  1. -1.  1. -1.  1. -1.  1.  1. -1. -1.]
4.0
14.0
38.0
[-1.  1. -1.  1. -1. -1. -1.  1.  1. -1. -1.  1. -1. -1.  1. -1.  1.  1.
 -1. -1. -1.  1. -1.  1. -1.  1. -1.  1. -1. -1.  1.  1.]
-4.0
18.0
38.0
[-1.  1.  1. -1. -1.  1. -1.  1.  1. -1. -1.  1. -1. -1.  1.  1. -1. -1.
  1.  1. -1.  1.  1.  1. -1.  1.  1. -1. -1. -1.  1.  1.]
2.0
15.0
41.0
[-1.  1.  1. -1. -1.  1. -1.  1.  1. -1. -1.  1. -1. -1.  1.  1. -1. -1.
  1.  1. -1.  1.  1.  1. -1.  1.  1. -1. -1. -1.  1.  1.]
2.0
15.0
41.0
[-1.  1. -1.  1.  1. -1. -1.  1.  1. -1. -1.  1. -1.  1.  1. -1.  1.  1.
 -1. -1.  1.  1. -1.  1.  1.  1. -1.  1. -1.  1.  1. -1.]
4.0
14.0
36.0
[ 1. -1.  1. -1. -1.  1.  1. -1. -1.  1.  1. -1.  1. -1. -1.  1. -1. -1.
  1.  1. -1. -1.  1. -1. -1. -1.  1. -1.  1. -1. -1.  1.]
-4.0
18.0
36.0
[-1.  1. -1. -1. -1.  1. -1.  1.  1. -1. -1.  1. -1. -1.  1. -1.  1.  1.
 -1.  1. -1.  1.  1.  1. -1.  1.  1. -1. -1. -1.  1.  1.]
0.0
16.0
40.0
[ 1. -1.  1. -1. -1.  1.  1. -1. -1.  1.  1. -1.  1. -1. -1.  1. -1. -1.
  1.  1. -1. -1.  1. -1. -1. -1.  1. -1.  1. -1. -1.  1.]
-4.0
18.0
36.0
[ 1. -1.  1. -1. -1.  1. -1.  1. -1.  1.  1.  1.  1. -1.  1.  1. -1. -1.
  1.  1. -1. -1.  1.  1. -1.  1.  1. -1.  1. -1. -1.  1.]
4.0
14.0
40.0
[ 1. -1.  1. -1.  1. -1.  1. -1. -1.  1.  1. -1.  1.  1. -1.  1. -1. -1.
  1. -1.  1. -1.  1. -1.  1. -1.  1. -1.  1.  1. -1. -1.]
0.0
16.0
40.0
mean:38.6 max_cut_gw:41.0
