[ 1. -1.  1.  1. -1. -1.  1.  1. -1.  1. -1.  1. -1.  1. -1.  1.  1. -1.
  1.  1.  1.  1. -1. -1. -1.  1.  1. -1.]
4.0
12.0
32.0
[-1.  1. -1. -1.  1. -1.  1. -1.  1. -1. -1.  1.  1.  1.  1. -1. -1.  1.
 -1.  1. -1. -1.  1.  1.  1. -1. -1.  1.]
0.0
14.0
36.0
[-1.  1.  1. -1. -1.  1. -1. -1.  1. -1.  1. -1. -1. -1.  1.  1.  1.  1.
  1.  1. -1. -1.  1.  1. -1. -1. -1.  1.]
0.0
14.0
32.0
[-1.  1. -1. -1.  1. -1.  1. -1.  1. -1. -1.  1.  1.  1.  1. -1. -1.  1.
 -1. -1.  1. -1. -1.  1.  1. -1. -1.  1.]
-2.0
15.0
35.0
[-1.  1. -1. -1.  1.  1.  1. -1.  1. -1. -1.  1.  1.  1.  1. -1. -1.  1.
 -1. -1. -1. -1.  1.  1.  1. -1. -1.  1.]
0.0
14.0
34.0
[-1.  1. -1.  1. -1. -1.  1.  1. -1.  1. -1.  1.  1.  1. -1. -1.  1. -1.
 -1.  1. -1.  1. -1. -1. -1.  1.  1. -1.]
-2.0
15.0
35.0
[-1. -1. -1.  1. -1. -1.  1.  1. -1.  1. -1.  1.  1.  1. -1. -1.  1. -1.
 -1.  1.  1.  1. -1. -1. -1.  1.  1. -1.]
-2.0
15.0
35.0
[ 1. -1.  1. -1. -1.  1. -1. -1. -1. -1.  1. -1. -1. -1. -1.  1.  1.  1.
  1.  1. -1. -1.  1. -1. -1. -1. -1.  1.]
-6.0
17.0
31.0
[-1.  1. -1.  1. -1. -1.  1.  1.  1. -1. -1.  1.  1.  1.  1. -1. -1. -1.
  1.  1. -1. -1.  1. -1. -1. -1. -1. -1.]
-4.0
16.0
32.0
[-1.  1. -1.  1. -1. -1.  1.  1. -1.  1. -1.  1.  1.  1.  1. -1.  1. -1.
  1.  1. -1.  1.  1. -1. -1.  1. -1. -1.]
2.0
13.0
35.0
mean:33.7 max_cut_gw:36.0
