[ 1.  1. -1.  1.  1. -1.  1.  1. -1.  1. -1. -1. -1. -1.]
0.0
7.0
19.0
[ 1. -1.  1. -1. -1.  1. -1. -1.  1. -1.  1. -1.  1.  1.]
0.0
7.0
19.0
[-1. -1.  1. -1. -1.  1. -1. -1.  1. -1.  1.  1.  1.  1.]
0.0
7.0
19.0
[ 1. -1.  1. -1.  1. -1. -1. -1.  1. -1.  1. -1.  1.  1.]
0.0
7.0
17.0
[-1.  1.  1.  1. -1.  1. -1. -1. -1.  1.  1.  1. -1. -1.]
0.0
7.0
17.0
[-1. -1.  1. -1. -1.  1. -1. -1.  1. -1.  1.  1.  1.  1.]
0.0
7.0
19.0
[-1.  1. -1.  1.  1. -1.  1.  1. -1.  1. -1.  1. -1. -1.]
0.0
7.0
19.0
[-1. -1.  1. -1. -1.  1. -1. -1.  1. -1.  1.  1.  1.  1.]
0.0
7.0
19.0
[-1. -1.  1. -1. -1.  1. -1. -1.  1. -1.  1.  1.  1.  1.]
0.0
7.0
19.0
[-1. -1.  1. -1. -1.  1. -1. -1.  1. -1.  1.  1.  1.  1.]
0.0
7.0
19.0
mean:18.6 max_cut_gw:19.0
