[ 1.  1. -1. ...  1. -1.  1.]
4.0
1022.0
6630.0
[-1. -1.  1. ... -1. -1. -1.]
20.0
1014.0
6560.0
[-1. -1. -1. ... -1. -1.  1.]
0.0
1024.0
6590.0
[ 1.  1. -1. ... -1.  1. -1.]
0.0
1024.0
6590.0
[ 1.  1.  1. ... -1.  1. -1.]
10.0
1019.0
6585.0
[ 1. -1.  1. ... -1.  1. -1.]
26.0
1011.0
6605.0
[ 1. -1. -1. ... -1.  1. -1.]
38.0
1005.0
6527.0
[-1. -1.  1. ...  1. -1. -1.]
-6.0
1027.0
6577.0
[-1. -1. -1. ...  1. -1. -1.]
-42.0
1045.0
6559.0
[-1.  1.  1. ... -1.  1.  1.]
-52.0
1050.0
6580.0
mean:6580.3 max_cut_gw:6580.3
