[-1. -1.  1.  1. -1. -1. -1. -1.  1.  1. -1.  1. -1.  1.  1. -1. -1. -1.
  1.  1. -1.  1. -1.  1. -1.  1.  1. -1. -1.  1.  1. -1. -1.  1. -1.  1.
 -1. -1.  1.  1. -1. -1.  1. -1.  1. -1.  1. -1. -1. -1.  1.  1. -1. -1.
  1. -1.  1.  1.  1.  1.  1. -1. -1.  1.]
-2.0
33.0
193.0
[ 1. -1.  1. -1.  1. -1.  1.  1. -1.  1.  1.  1.  1. -1. -1.  1. -1.  1.
  1. -1.  1. -1. -1. -1. -1. -1.  1. -1.  1.  1.  1. -1.  1. -1.  1.  1.
  1. -1.  1. -1. -1.  1. -1. -1. -1.  1.  1. -1.  1.  1.  1. -1.  1.  1.
 -1.  1.  1. -1.  1.  1. -1. -1.  1. -1.]
6.0
29.0
207.0
[-1. -1.  1. -1.  1.  1.  1. -1.  1. -1.  1.  1.  1. -1. -1.  1. -1.  1.
 -1. -1.  1. -1.  1. -1. -1. -1. -1. -1.  1. -1. -1.  1. -1.  1. -1.  1.
  1. -1.  1. -1.  1. -1. -1. -1.  1.  1.  1. -1.  1.  1.  1. -1.  1.  1.
 -1.  1. -1. -1.  1. -1. -1.  1. -1. -1.]
-4.0
34.0
200.0
[-1.  1.  1.  1. -1.  1. -1. -1.  1. -1. -1.  1.  1.  1.  1. -1. -1. -1.
 -1.  1. -1.  1.  1.  1. -1.  1. -1. -1. -1. -1. -1.  1. -1.  1. -1. -1.
 -1. -1.  1.  1.  1. -1.  1.  1.  1.  1.  1.  1. -1.  1. -1.  1. -1. -1.
  1. -1. -1.  1.  1. -1.  1.  1. -1.  1.]
2.0
31.0
205.0
[-1.  1.  1.  1. -1.  1. -1. -1.  1. -1. -1.  1.  1.  1.  1. -1. -1. -1.
  1.  1.  1. -1.  1.  1. -1.  1. -1. -1.  1. -1. -1.  1. -1.  1. -1. -1.
 -1. -1.  1.  1. -1. -1.  1. -1. -1.  1.  1.  1. -1.  1.  1.  1. -1. -1.
  1. -1. -1.  1.  1.  1.  1. -1. -1.  1.]
2.0
31.0
203.0
[ 1. -1. -1. -1.  1.  1.  1.  1. -1. -1.  1. -1. -1. -1. -1.  1.  1.  1.
 -1. -1.  1.  1. -1. -1.  1. -1.  1.  1. -1.  1.  1. -1.  1. -1.  1. -1.
  1.  1. -1. -1.  1.  1. -1.  1.  1. -1. -1. -1.  1. -1. -1. -1.  1.  1.
 -1.  1.  1. -1. -1. -1. -1.  1.  1. -1.]
-2.0
33.0
201.0
[-1.  1.  1.  1. -1.  1. -1. -1.  1. -1. -1. -1.  1.  1.  1. -1. -1. -1.
 -1.  1. -1.  1.  1.  1.  1.  1. -1. -1.  1. -1. -1.  1. -1.  1. -1. -1.
 -1.  1.  1.  1.  1. -1.  1.  1.  1. -1.  1.  1. -1.  1. -1.  1. -1. -1.
  1. -1. -1.  1. -1. -1.  1.  1. -1.  1.]
2.0
31.0
203.0
[ 1. -1.  1.  1.  1.  1.  1.  1. -1.  1.  1. -1. -1.  1. -1. -1.  1. -1.
  1. -1. -1. -1. -1.  1.  1. -1.  1.  1.  1. -1. -1. -1.  1. -1. -1. -1.
 -1.  1.  1.  1. -1. -1.  1. -1. -1. -1. -1.  1.  1.  1.  1.  1. -1.  1.
  1. -1.  1.  1. -1.  1. -1. -1.  1. -1.]
2.0
31.0
193.0
[ 1. -1. -1.  1. -1. -1. -1.  1. -1.  1. -1. -1. -1.  1.  1.  1.  1.  1.
  1.  1. -1.  1. -1.  1.  1.  1.  1.  1. -1.  1.  1. -1.  1. -1.  1. -1.
 -1.  1. -1. -1.  1.  1. -1.  1.  1. -1. -1. -1.  1. -1. -1.  1. -1. -1.
 -1.  1.  1. -1. -1.  1.  1. -1.  1. -1.]
2.0
31.0
191.0
[ 1.  1.  1.  1. -1. -1. -1. -1.  1.  1. -1. -1. -1.  1.  1. -1. -1. -1.
  1.  1. -1.  1. -1.  1.  1. -1.  1.  1.  1. -1. -1. -1.  1.  1. -1. -1.
 -1.  1.  1.  1. -1. -1.  1.  1. -1. -1.  1.  1. -1.  1.  1.  1. -1. -1.
  1. -1. -1.  1. -1.  1.  1. -1.  1.  1.]
4.0
30.0
204.0
mean:200.0 max_cut_gw:200.0
