[-1.  1.  1. ... -1. -1. -1.]
-4.0
514.0
3300.0
[-1. -1.  1. ... -1. -1. -1.]
12.0
506.0
3254.0
[-1. -1.  1. ... -1.  1. -1.]
22.0
501.0
3287.0
[-1. -1. -1. ...  1.  1.  1.]
-2.0
513.0
3295.0
[-1.  1.  1. ...  1. -1. -1.]
-2.0
513.0
3277.0
[-1.  1.  1. ...  1. -1.  1.]
0.0
512.0
3258.0
[ 1.  1.  1. ... -1. -1. -1.]
0.0
512.0
3286.0
[ 1.  1.  1. ...  1.  1. -1.]
-26.0
525.0
3265.0
[-1. -1.  1. ... -1.  1. -1.]
-12.0
518.0
3272.0
[ 1. -1. -1. ... -1.  1. -1.]
-16.0
520.0
3298.0
mean:3279.2 max_cut_gw:3279.2
