[ 1.  1. -1.  1. -1.  1.  1. -1.  1. -1.  1.  1. -1. -1.  1.  1.  1.  1.
 -1. -1.  1. -1.  1. -1. -1. -1. -1. -1.  1. -1.  1.  1. -1.  1.  1. -1.
 -1.  1.  1. -1. -1. -1.  1.  1. -1.  1. -1.  1.  1. -1. -1.  1. -1.  1.
  1. -1.  1. -1.  1. -1. -1.  1.  1. -1.  1.  1. -1.  1. -1.  1. -1.  1.
 -1.  1.  1. -1.  1. -1. -1. -1.  1.  1.  1. -1.  1. -1.  1. -1.  1. -1.
  1. -1. -1. -1. -1.  1. -1. -1.  1. -1.  1. -1. -1.  1.  1.  1.  1. -1.
  1.  1.  1.  1. -1.  1. -1.  1.  1. -1. -1. -1.  1. -1.  1.  1.  1.  1.
 -1. -1.  1.  1. -1. -1.  1. -1.  1.  1. -1. -1.  1. -1.  1. -1.  1. -1.
  1.  1.  1. -1.  1. -1. -1. -1. -1.  1. -1. -1.  1. -1. -1.  1. -1.  1.
  1. -1. -1.  1.  1. -1.  1. -1. -1. -1.  1. -1. -1.  1.  1. -1.  1. -1.
 -1.  1. -1.  1. -1. -1.  1.  1. -1.  1.  1.  1. -1. -1.  1. -1.  1.  1.
 -1.  1.  1. -1. -1. -1. -1. -1. -1. -1. -1. -1. -1.  1. -1.  1.  1. -1.
 -1. -1.  1.  1.  1. -1. -1.  1. -1.  1.  1. -1.  1.  1. -1.  1.  1.  1.
  1.  1.  1. -1.  1.  1.  1.  1. -1. -1. -1.  1. -1. -1.  1. -1.  1.  1.
  1.  1.  1. -1.  1. -1. -1. -1.  1.  1. -1. -1. -1.  1. -1.  1.  1. -1.
 -1. -1. -1. -1. -1.  1.  1.  1.  1.  1. -1.  1.  1. -1.  1.  1.  1. -1.
  1. -1. -1.  1.  1. -1.  1. -1. -1. -1. -1. -1.  1. -1.  1. -1.  1. -1.
  1.  1. -1.  1. -1.  1.  1. -1. -1.  1.  1.  1. -1.  1. -1.  1.  1. -1.
  1.  1. -1. -1.  1. -1. -1. -1.  1.  1. -1.  1. -1. -1.  1. -1. -1. -1.
  1.  1. -1. -1.  1. -1.  1.  1.  1. -1. -1.  1. -1. -1. -1. -1.  1.  1.
 -1. -1.  1. -1. -1. -1.  1. -1.  1. -1.  1.  1. -1.  1.  1. -1.  1. -1.
 -1.  1. -1.  1. -1.  1. -1.  1.  1. -1.  1.  1.  1. -1.  1.  1. -1.  1.
 -1. -1. -1.  1. -1.  1.  1.  1. -1.  1. -1. -1.  1. -1. -1. -1. -1.  1.
  1.  1. -1. -1. -1.  1. -1.  1.  1. -1. -1. -1. -1.  1. -1. -1. -1. -1.
 -1.  1. -1.  1.  1.  1. -1.  1. -1. -1.  1.  1. -1. -1.  1. -1. -1. -1.
  1.  1.  1.  1. -1.  1.  1. -1.  1.  1.  1.  1.  1.  1. -1. -1. -1.  1.
 -1.  1. -1.  1.  1. -1.  1. -1.  1. -1.  1.  1. -1. -1.  1.  1.  1. -1.
 -1. -1.  1.  1.  1.  1.  1. -1. -1. -1. -1. -1. -1.  1.  1.  1. -1. -1.
  1. -1.  1. -1.  1.  1. -1. -1.]
0.0
256.0
1620.0
[ 1.  1. -1.  1.  1.  1. -1.  1.  1. -1. -1.  1. -1. -1.  1.  1. -1.  1.
  1. -1. -1.  1. -1.  1.  1. -1. -1.  1. -1.  1.  1.  1. -1.  1. -1. -1.
 -1.  1.  1. -1. -1.  1. -1.  1. -1.  1. -1.  1. -1.  1. -1.  1.  1.  1.
 -1.  1. -1.  1. -1. -1. -1.  1.  1.  1.  1.  1. -1.  1. -1.  1. -1.  1.
 -1. -1.  1. -1.  1. -1.  1. -1.  1. -1.  1.  1. -1. -1. -1.  1.  1. -1.
  1. -1.  1. -1.  1. -1.  1.  1.  1.  1.  1. -1.  1. -1. -1.  1.  1.  1.
  1.  1. -1.  1. -1.  1.  1.  1.  1.  1.  1. -1. -1.  1.  1.  1. -1. -1.
 -1. -1.  1. -1.  1. -1.  1.  1. -1. -1. -1. -1.  1. -1.  1. -1. -1.  1.
 -1. -1.  1. -1. -1.  1.  1. -1.  1. -1. -1.  1. -1. -1. -1. -1.  1.  1.
  1. -1. -1.  1.  1. -1.  1. -1. -1. -1.  1. -1.  1.  1. -1.  1.  1. -1.
 -1.  1. -1. -1. -1.  1. -1.  1.  1.  1.  1. -1. -1. -1.  1. -1.  1.  1.
  1.  1. -1. -1.  1. -1. -1.  1.  1. -1. -1. -1. -1.  1. -1.  1.  1. -1.
 -1. -1.  1. -1.  1. -1. -1.  1. -1. -1.  1. -1.  1.  1.  1. -1.  1. -1.
  1. -1. -1.  1. -1.  1.  1. -1.  1.  1.  1. -1.  1. -1.  1. -1.  1.  1.
  1.  1.  1.  1. -1.  1. -1.  1. -1. -1. -1. -1.  1. -1. -1. -1.  1.  1.
 -1. -1. -1.  1.  1.  1.  1. -1.  1.  1. -1.  1. -1.  1. -1.  1. -1. -1.
  1. -1. -1.  1.  1.  1.  1. -1. -1. -1.  1.  1. -1. -1. -1. -1.  1. -1.
 -1. -1.  1.  1. -1.  1.  1.  1. -1.  1.  1.  1.  1.  1. -1. -1.  1. -1.
  1. -1. -1. -1.  1. -1. -1. -1. -1. -1. -1.  1.  1. -1.  1.  1. -1. -1.
  1.  1. -1. -1.  1. -1. -1. -1. -1. -1. -1. -1. -1. -1.  1. -1. -1. -1.
  1. -1. -1. -1. -1. -1.  1.  1. -1.  1. -1.  1.  1. -1.  1.  1.  1.  1.
  1. -1.  1. -1.  1. -1. -1.  1.  1.  1.  1. -1.  1. -1.  1. -1.  1.  1.
  1. -1. -1. -1. -1.  1. -1.  1.  1. -1.  1. -1.  1. -1.  1.  1.  1. -1.
  1.  1. -1.  1.  1.  1. -1.  1.  1. -1. -1. -1. -1. -1.  1.  1.  1. -1.
  1. -1.  1. -1.  1. -1.  1. -1.  1. -1. -1. -1.  1. -1. -1. -1.  1. -1.
 -1.  1. -1.  1. -1.  1.  1.  1.  1.  1.  1. -1.  1.  1. -1. -1. -1.  1.
 -1.  1. -1.  1.  1. -1.  1. -1.  1. -1.  1. -1. -1.  1.  1.  1.  1. -1.
 -1. -1.  1. -1.  1. -1.  1.  1. -1.  1. -1.  1. -1. -1. -1.  1. -1. -1.
  1. -1.  1. -1. -1.  1.  1.  1.]
4.0
254.0
1658.0
[ 1.  1. -1.  1. -1.  1. -1.  1.  1. -1. -1.  1. -1. -1.  1.  1.  1.  1.
  1. -1.  1. -1. -1.  1.  1. -1. -1.  1. -1.  1.  1.  1. -1.  1. -1. -1.
 -1.  1.  1. -1. -1.  1.  1.  1. -1.  1.  1.  1. -1.  1. -1.  1.  1. -1.
 -1.  1. -1.  1.  1. -1.  1. -1.  1. -1.  1.  1. -1.  1. -1.  1. -1.  1.
 -1. -1.  1. -1.  1. -1.  1. -1.  1. -1.  1.  1.  1. -1.  1.  1. -1. -1.
  1. -1.  1.  1. -1.  1. -1.  1.  1. -1.  1. -1.  1.  1. -1.  1. -1.  1.
  1.  1. -1.  1. -1.  1. -1.  1.  1.  1. -1.  1. -1. -1.  1.  1. -1.  1.
 -1.  1.  1. -1.  1. -1.  1.  1. -1. -1. -1. -1.  1. -1.  1. -1.  1.  1.
 -1. -1.  1. -1. -1.  1.  1. -1. -1.  1. -1.  1. -1. -1. -1. -1.  1.  1.
  1. -1. -1.  1.  1. -1. -1. -1. -1. -1.  1. -1.  1. -1. -1.  1.  1. -1.
 -1.  1. -1. -1. -1.  1. -1.  1.  1.  1. -1. -1. -1. -1.  1. -1. -1.  1.
  1.  1. -1. -1.  1. -1.  1. -1.  1. -1. -1. -1.  1.  1. -1.  1.  1. -1.
 -1. -1.  1.  1.  1. -1. -1.  1.  1. -1.  1. -1.  1.  1.  1. -1.  1.  1.
  1. -1. -1.  1.  1. -1.  1. -1.  1.  1. -1. -1.  1. -1.  1. -1.  1.  1.
 -1.  1.  1.  1. -1.  1. -1.  1. -1. -1. -1. -1. -1. -1. -1. -1.  1.  1.
 -1. -1. -1. -1.  1.  1.  1.  1.  1.  1.  1. -1.  1.  1.  1.  1. -1.  1.
  1. -1.  1. -1.  1. -1.  1. -1. -1. -1.  1.  1.  1. -1.  1. -1.  1. -1.
 -1. -1. -1. -1. -1.  1. -1. -1.  1.  1. -1.  1.  1.  1. -1. -1.  1. -1.
  1.  1. -1. -1.  1. -1. -1.  1. -1. -1. -1.  1.  1. -1.  1. -1. -1.  1.
  1.  1. -1. -1.  1. -1. -1. -1.  1. -1. -1. -1. -1. -1.  1. -1.  1. -1.
  1.  1.  1. -1. -1. -1.  1.  1.  1. -1.  1. -1. -1.  1.  1.  1. -1. -1.
 -1.  1. -1.  1.  1. -1. -1.  1.  1. -1.  1. -1.  1. -1.  1.  1. -1.  1.
  1. -1. -1. -1.  1.  1. -1. -1.  1. -1.  1. -1.  1. -1.  1.  1.  1. -1.
 -1.  1. -1.  1. -1. -1. -1.  1.  1. -1. -1. -1. -1.  1.  1.  1.  1.  1.
  1. -1.  1. -1.  1.  1.  1.  1.  1. -1. -1. -1.  1. -1.  1.  1.  1. -1.
 -1.  1. -1.  1. -1. -1.  1.  1.  1.  1.  1. -1.  1. -1.  1. -1.  1.  1.
  1.  1.  1.  1.  1. -1.  1. -1.  1. -1.  1. -1. -1.  1. -1. -1.  1.  1.
 -1. -1.  1.  1.  1.  1.  1.  1. -1. -1. -1.  1. -1. -1.  1.  1. -1. -1.
  1. -1.  1. -1.  1.  1. -1.  1.]
20.0
246.0
1632.0
[-1.  1. -1.  1. -1.  1.  1.  1. -1.  1. -1. -1.  1.  1. -1.  1. -1.  1.
 -1. -1.  1. -1.  1.  1.  1. -1. -1.  1. -1.  1.  1. -1.  1. -1. -1. -1.
  1. -1. -1. -1. -1. -1.  1.  1. -1.  1. -1.  1. -1.  1. -1.  1.  1. -1.
 -1.  1.  1.  1. -1. -1.  1. -1.  1. -1.  1.  1. -1. -1. -1. -1. -1. -1.
 -1. -1.  1. -1.  1. -1. -1. -1.  1.  1. -1.  1.  1.  1. -1.  1.  1.  1.
  1. -1.  1.  1. -1. -1.  1. -1.  1.  1.  1. -1.  1.  1. -1.  1.  1.  1.
  1.  1. -1.  1.  1.  1. -1.  1.  1. -1.  1.  1. -1. -1.  1.  1. -1.  1.
 -1. -1.  1. -1.  1. -1.  1.  1. -1. -1. -1. -1. -1. -1.  1. -1. -1.  1.
 -1. -1. -1.  1. -1.  1.  1. -1.  1. -1. -1. -1.  1. -1.  1. -1. -1.  1.
  1.  1.  1.  1.  1. -1.  1.  1. -1. -1. -1. -1.  1.  1. -1.  1. -1.  1.
  1.  1. -1. -1.  1.  1. -1.  1.  1. -1. -1.  1. -1. -1.  1.  1. -1.  1.
 -1.  1. -1.  1.  1.  1.  1. -1.  1. -1.  1. -1. -1.  1.  1.  1. -1. -1.
 -1.  1. -1.  1. -1. -1.  1.  1.  1. -1. -1.  1.  1.  1. -1.  1.  1. -1.
  1. -1. -1. -1. -1. -1.  1. -1.  1.  1. -1.  1.  1. -1.  1.  1.  1.  1.
  1. -1.  1.  1. -1.  1.  1.  1. -1. -1.  1.  1. -1.  1. -1. -1.  1.  1.
 -1.  1. -1.  1.  1.  1.  1. -1.  1.  1.  1. -1.  1.  1. -1.  1. -1.  1.
  1. -1. -1.  1.  1. -1.  1.  1. -1.  1.  1.  1.  1. -1. -1. -1.  1.  1.
 -1. -1. -1. -1. -1.  1. -1.  1.  1. -1. -1. -1.  1.  1. -1. -1.  1.  1.
  1.  1. -1.  1. -1.  1. -1.  1. -1. -1.  1.  1.  1. -1.  1. -1. -1.  1.
 -1. -1.  1. -1.  1. -1. -1. -1.  1. -1. -1. -1. -1.  1. -1.  1. -1.  1.
 -1.  1.  1.  1.  1. -1. -1.  1. -1.  1. -1.  1. -1. -1.  1.  1. -1.  1.
 -1.  1.  1. -1.  1. -1.  1. -1.  1. -1.  1. -1. -1. -1. -1.  1. -1.  1.
 -1. -1.  1. -1. -1. -1.  1. -1.  1.  1.  1. -1.  1. -1.  1.  1. -1. -1.
 -1. -1. -1.  1.  1.  1.  1. -1.  1. -1. -1. -1.  1.  1.  1.  1.  1.  1.
 -1. -1.  1. -1.  1. -1.  1. -1.  1.  1. -1. -1.  1. -1.  1.  1.  1.  1.
 -1. -1. -1. -1. -1. -1. -1.  1.  1. -1. -1. -1.  1.  1.  1. -1.  1.  1.
  1.  1.  1.  1. -1. -1.  1. -1. -1.  1. -1. -1. -1. -1. -1.  1. -1.  1.
 -1. -1.  1.  1.  1.  1.  1. -1. -1. -1.  1. -1. -1. -1.  1.  1.  1. -1.
  1. -1. -1. -1. -1.  1.  1. -1.]
12.0
250.0
1648.0
[-1.  1.  1. -1. -1.  1.  1. -1. -1.  1.  1. -1.  1.  1. -1.  1. -1. -1.
 -1.  1.  1. -1.  1. -1.  1.  1.  1.  1. -1. -1.  1. -1.  1. -1. -1.  1.
  1. -1. -1.  1. -1. -1.  1. -1. -1.  1. -1. -1.  1.  1.  1. -1.  1. -1.
  1. -1.  1. -1.  1. -1.  1. -1.  1. -1.  1.  1. -1. -1. -1. -1. -1.  1.
 -1. -1. -1.  1.  1. -1. -1. -1.  1.  1. -1.  1.  1. -1.  1. -1.  1.  1.
  1. -1. -1.  1. -1.  1. -1. -1.  1. -1.  1.  1.  1.  1.  1. -1.  1. -1.
 -1.  1. -1. -1.  1. -1.  1. -1. -1. -1.  1.  1. -1. -1. -1. -1. -1.  1.
 -1. -1.  1.  1. -1. -1.  1.  1.  1. -1.  1. -1. -1.  1. -1. -1.  1.  1.
 -1. -1. -1.  1.  1. -1.  1. -1. -1. -1.  1.  1.  1. -1.  1.  1. -1.  1.
 -1.  1.  1. -1.  1. -1.  1.  1. -1. -1. -1. -1.  1.  1.  1. -1. -1.  1.
  1.  1. -1. -1.  1. -1.  1.  1.  1. -1. -1.  1.  1. -1. -1.  1. -1. -1.
 -1. -1.  1.  1.  1.  1.  1. -1. -1. -1.  1.  1.  1. -1.  1.  1. -1.  1.
 -1.  1. -1.  1. -1. -1.  1.  1.  1. -1. -1.  1.  1.  1. -1.  1.  1. -1.
  1. -1. -1. -1. -1. -1. -1.  1. -1.  1. -1.  1. -1. -1.  1.  1. -1. -1.
  1. -1. -1. -1. -1. -1.  1. -1.  1.  1. -1.  1. -1.  1.  1. -1.  1. -1.
 -1.  1. -1.  1.  1. -1. -1.  1.  1. -1.  1. -1.  1.  1. -1. -1. -1.  1.
  1. -1.  1. -1.  1. -1.  1.  1. -1.  1. -1. -1.  1. -1. -1.  1.  1.  1.
  1. -1. -1. -1. -1. -1. -1.  1.  1. -1. -1. -1.  1. -1. -1.  1.  1.  1.
  1.  1.  1.  1. -1.  1.  1. -1.  1.  1.  1. -1.  1. -1.  1. -1. -1.  1.
 -1. -1.  1.  1. -1.  1. -1.  1.  1. -1. -1.  1. -1.  1. -1.  1. -1.  1.
 -1.  1.  1.  1.  1. -1. -1.  1.  1. -1. -1.  1. -1.  1. -1.  1. -1. -1.
  1.  1.  1.  1.  1. -1.  1. -1.  1. -1.  1.  1. -1. -1. -1.  1.  1.  1.
 -1. -1.  1. -1. -1. -1.  1. -1.  1.  1.  1. -1.  1. -1. -1.  1. -1.  1.
 -1. -1. -1. -1. -1.  1.  1. -1.  1. -1. -1.  1.  1.  1.  1. -1.  1.  1.
 -1. -1. -1.  1. -1.  1. -1.  1. -1.  1.  1.  1.  1. -1.  1.  1.  1.  1.
 -1.  1. -1.  1.  1. -1. -1. -1. -1. -1. -1. -1.  1.  1.  1. -1. -1.  1.
  1.  1. -1. -1.  1. -1.  1.  1. -1.  1. -1.  1. -1. -1.  1.  1. -1.  1.
 -1. -1.  1.  1.  1.  1.  1. -1.  1. -1.  1. -1.  1.  1.  1.  1.  1. -1.
  1. -1.  1.  1. -1. -1. -1. -1.]
6.0
253.0
1627.0
[-1.  1. -1.  1. -1.  1.  1. -1. -1.  1.  1. -1.  1.  1. -1.  1.  1. -1.
 -1.  1.  1. -1.  1. -1.  1. -1.  1. -1. -1. -1.  1. -1. -1.  1.  1. -1.
  1. -1.  1.  1.  1. -1.  1.  1. -1.  1. -1.  1. -1.  1. -1.  1.  1. -1.
  1. -1.  1.  1.  1. -1.  1. -1.  1. -1.  1. -1. -1. -1. -1.  1. -1. -1.
  1.  1. -1. -1. -1. -1. -1. -1.  1. -1. -1. -1.  1.  1.  1.  1.  1.  1.
  1.  1. -1.  1. -1.  1. -1. -1.  1. -1.  1. -1. -1.  1. -1.  1. -1. -1.
  1.  1. -1. -1.  1.  1. -1.  1.  1.  1. -1.  1. -1. -1.  1.  1. -1.  1.
 -1.  1.  1.  1. -1. -1.  1. -1.  1. -1. -1.  1.  1. -1. -1. -1. -1. -1.
 -1.  1. -1.  1.  1. -1. -1.  1. -1.  1.  1. -1.  1. -1.  1. -1. -1. -1.
 -1.  1. -1. -1.  1.  1.  1. -1.  1. -1. -1. -1. -1.  1. -1.  1. -1.  1.
  1.  1. -1. -1. -1.  1. -1.  1.  1.  1. -1.  1.  1.  1. -1.  1. -1.  1.
 -1. -1. -1.  1.  1. -1.  1. -1. -1. -1.  1. -1. -1. -1.  1.  1. -1. -1.
 -1.  1.  1.  1.  1.  1.  1. -1.  1. -1. -1. -1.  1. -1. -1.  1.  1.  1.
 -1.  1.  1. -1.  1. -1. -1.  1. -1. -1. -1.  1.  1.  1.  1.  1. -1.  1.
 -1. -1.  1. -1.  1. -1.  1. -1.  1.  1.  1.  1. -1.  1. -1.  1.  1.  1.
 -1.  1. -1. -1.  1.  1.  1.  1. -1.  1.  1. -1.  1. -1.  1. -1. -1.  1.
 -1.  1.  1. -1.  1. -1.  1. -1. -1.  1. -1. -1.  1.  1.  1. -1.  1. -1.
  1.  1. -1. -1. -1.  1. -1. -1.  1.  1. -1. -1. -1.  1. -1. -1.  1. -1.
  1.  1.  1.  1. -1.  1. -1.  1. -1.  1.  1.  1. -1. -1.  1. -1. -1.  1.
 -1. -1. -1. -1.  1. -1. -1. -1. -1. -1. -1.  1.  1.  1. -1.  1.  1.  1.
 -1.  1.  1. -1.  1.  1.  1. -1.  1. -1.  1. -1. -1.  1.  1.  1.  1. -1.
 -1.  1. -1.  1. -1.  1. -1. -1.  1. -1. -1.  1. -1. -1. -1.  1. -1. -1.
 -1. -1.  1. -1. -1. -1.  1.  1. -1.  1.  1. -1.  1.  1. -1.  1. -1.  1.
 -1. -1.  1.  1. -1. -1.  1.  1.  1.  1. -1. -1.  1.  1.  1.  1.  1.  1.
 -1. -1.  1.  1. -1.  1. -1.  1. -1.  1.  1.  1.  1. -1.  1.  1.  1.  1.
 -1. -1.  1. -1. -1. -1. -1. -1.  1. -1.  1.  1. -1. -1.  1. -1.  1.  1.
  1. -1.  1.  1. -1. -1.  1. -1. -1.  1. -1.  1. -1.  1. -1. -1. -1.  1.
 -1.  1.  1. -1. -1.  1.  1. -1. -1. -1.  1. -1.  1. -1.  1. -1.  1. -1.
  1. -1. -1. -1.  1. -1. -1.  1.]
2.0
255.0
1653.0
[ 1.  1.  1. -1.  1. -1. -1.  1.  1. -1. -1.  1. -1. -1.  1. -1. -1.  1.
  1.  1. -1.  1. -1.  1. -1.  1. -1.  1.  1. -1. -1.  1. -1.  1. -1. -1.
 -1.  1.  1. -1.  1. -1. -1. -1. -1. -1.  1. -1. -1.  1.  1. -1. -1.  1.
 -1. -1. -1. -1. -1.  1. -1.  1. -1.  1. -1. -1.  1. -1.  1.  1.  1. -1.
 -1. -1.  1.  1.  1.  1.  1.  1. -1.  1.  1.  1. -1.  1. -1. -1.  1. -1.
 -1.  1.  1. -1.  1. -1.  1.  1. -1.  1. -1.  1.  1. -1.  1. -1.  1. -1.
 -1. -1.  1. -1. -1. -1.  1. -1. -1. -1.  1. -1.  1.  1.  1. -1.  1. -1.
 -1. -1. -1.  1.  1.  1. -1. -1. -1. -1.  1. -1. -1.  1.  1.  1.  1. -1.
  1. -1.  1. -1. -1.  1.  1. -1.  1. -1.  1.  1. -1.  1. -1.  1.  1.  1.
  1. -1.  1.  1. -1.  1. -1.  1. -1.  1.  1.  1.  1. -1.  1. -1.  1. -1.
 -1. -1. -1.  1.  1. -1.  1. -1. -1. -1.  1. -1. -1. -1.  1. -1.  1. -1.
  1. -1.  1. -1. -1.  1. -1.  1.  1.  1. -1.  1.  1.  1. -1. -1.  1.  1.
  1. -1.  1. -1. -1. -1. -1.  1. -1.  1.  1.  1. -1. -1.  1.  1. -1. -1.
  1.  1. -1.  1. -1.  1.  1.  1.  1.  1.  1. -1. -1. -1. -1. -1.  1. -1.
  1.  1. -1.  1.  1.  1. -1.  1. -1. -1. -1. -1.  1. -1.  1.  1. -1. -1.
 -1. -1.  1.  1.  1. -1. -1. -1.  1. -1. -1.  1. -1. -1. -1.  1.  1. -1.
  1.  1. -1.  1. -1.  1. -1. -1.  1. -1.  1. -1. -1. -1.  1.  1. -1.  1.
 -1. -1.  1.  1.  1. -1.  1.  1. -1. -1.  1.  1. -1. -1.  1.  1. -1.  1.
 -1. -1. -1. -1.  1. -1.  1. -1.  1. -1. -1. -1. -1.  1. -1.  1.  1. -1.
  1.  1. -1.  1. -1.  1.  1.  1. -1.  1.  1. -1.  1. -1.  1. -1. -1. -1.
  1. -1. -1.  1. -1. -1.  1. -1.  1.  1. -1.  1.  1. -1.  1. -1. -1.  1.
  1. -1.  1. -1. -1. -1.  1.  1. -1.  1.  1.  1.  1.  1.  1. -1.  1. -1.
  1.  1. -1. -1.  1.  1.  1.  1. -1. -1. -1.  1. -1.  1.  1. -1.  1. -1.
  1.  1. -1. -1.  1.  1. -1. -1. -1. -1.  1.  1. -1. -1. -1. -1. -1. -1.
  1.  1. -1.  1.  1. -1.  1. -1.  1. -1.  1. -1. -1.  1.  1. -1. -1. -1.
  1.  1.  1. -1.  1.  1.  1. -1. -1.  1. -1. -1.  1. -1. -1.  1. -1. -1.
 -1. -1. -1. -1.  1.  1. -1.  1.  1. -1.  1.  1.  1. -1.  1.  1.  1. -1.
  1. -1. -1.  1. -1. -1. -1.  1.  1.  1. -1.  1. -1.  1. -1.  1. -1.  1.
 -1.  1.  1.  1. -1.  1.  1.  1.]
-2.0
257.0
1631.0
[-1. -1.  1. -1.  1.  1.  1. -1. -1.  1.  1. -1.  1.  1. -1. -1. -1. -1.
 -1.  1. -1. -1. -1.  1. -1.  1.  1.  1.  1.  1. -1.  1.  1. -1. -1.  1.
 -1.  1. -1.  1.  1. -1. -1.  1.  1. -1.  1. -1.  1. -1.  1. -1. -1. -1.
  1. -1.  1. -1.  1.  1. -1.  1. -1. -1. -1.  1. -1.  1.  1. -1.  1.  1.
 -1. -1. -1.  1.  1.  1. -1.  1. -1.  1.  1.  1.  1. -1. -1. -1. -1. -1.
 -1. -1.  1. -1.  1. -1.  1.  1. -1.  1. -1.  1.  1. -1.  1. -1. -1. -1.
 -1. -1.  1. -1.  1. -1.  1. -1. -1. -1.  1.  1.  1.  1. -1. -1.  1. -1.
  1. -1. -1. -1.  1.  1.  1. -1.  1.  1.  1. -1. -1.  1. -1.  1.  1.  1.
  1. -1. -1.  1. -1. -1.  1. -1.  1. -1. -1.  1. -1.  1.  1.  1. -1. -1.
 -1. -1.  1. -1. -1. -1. -1.  1. -1.  1.  1.  1.  1.  1.  1. -1. -1.  1.
 -1. -1.  1.  1.  1. -1.  1. -1.  1. -1. -1. -1.  1. -1. -1.  1.  1. -1.
 -1.  1.  1.  1. -1.  1.  1.  1.  1.  1.  1.  1.  1. -1. -1. -1. -1.  1.
  1. -1. -1. -1. -1.  1.  1. -1. -1. -1. -1.  1. -1.  1. -1. -1. -1. -1.
 -1. -1. -1.  1. -1.  1. -1. -1.  1. -1.  1. -1. -1. -1. -1. -1. -1. -1.
  1. -1. -1. -1. -1.  1.  1.  1. -1.  1.  1.  1.  1.  1.  1. -1. -1. -1.
  1.  1.  1.  1. -1. -1. -1.  1. -1. -1. -1.  1.  1.  1. -1. -1.  1. -1.
 -1. -1. -1.  1. -1.  1. -1.  1.  1.  1. -1. -1.  1. -1. -1.  1. -1.  1.
  1.  1.  1.  1.  1. -1.  1.  1. -1. -1. -1. -1.  1. -1.  1.  1. -1.  1.
 -1. -1.  1.  1. -1.  1.  1. -1.  1. -1.  1. -1.  1.  1. -1. -1.  1. -1.
  1. -1.  1.  1. -1.  1. -1.  1.  1.  1.  1.  1.  1. -1. -1. -1. -1. -1.
  1. -1. -1.  1. -1. -1. -1. -1. -1.  1. -1.  1.  1. -1. -1. -1. -1.  1.
  1.  1. -1. -1. -1. -1.  1.  1. -1.  1.  1. -1. -1.  1. -1. -1.  1. -1.
 -1.  1.  1.  1.  1.  1.  1. -1.  1.  1. -1. -1. -1.  1.  1.  1. -1. -1.
  1.  1.  1. -1.  1.  1.  1. -1. -1. -1.  1.  1. -1. -1. -1. -1. -1.  1.
 -1.  1. -1.  1.  1. -1.  1.  1. -1.  1. -1. -1. -1.  1.  1. -1. -1.  1.
  1. -1. -1.  1.  1.  1. -1. -1. -1. -1. -1. -1. -1.  1.  1.  1. -1. -1.
  1.  1. -1. -1.  1.  1. -1.  1. -1.  1.  1.  1.  1. -1.  1.  1. -1. -1.
  1. -1. -1.  1.  1. -1. -1.  1.  1.  1. -1.  1.  1.  1. -1.  1.  1. -1.
 -1.  1.  1.  1. -1.  1.  1. -1.]
-10.0
261.0
1631.0
[ 1. -1. -1.  1.  1. -1. -1.  1.  1. -1. -1.  1. -1. -1.  1. -1.  1. -1.
  1. -1. -1.  1. -1.  1. -1. -1. -1. -1. -1. -1. -1.  1. -1.  1.  1. -1.
  1. -1.  1. -1.  1.  1.  1.  1.  1.  1.  1.  1. -1.  1. -1.  1. -1.  1.
 -1.  1. -1.  1. -1. -1. -1. -1.  1.  1. -1. -1.  1. -1.  1.  1.  1.  1.
  1.  1. -1.  1. -1.  1.  1.  1. -1. -1.  1. -1. -1.  1.  1.  1. -1. -1.
  1.  1. -1.  1.  1.  1. -1.  1. -1. -1. -1. -1.  1. -1. -1.  1.  1.  1.
  1. -1.  1.  1. -1.  1. -1.  1.  1.  1. -1. -1.  1. -1.  1.  1.  1. -1.
  1.  1. -1.  1. -1.  1. -1. -1.  1.  1.  1.  1.  1. -1. -1.  1. -1. -1.
  1.  1.  1. -1.  1.  1. -1.  1.  1.  1.  1. -1. -1.  1. -1. -1.  1. -1.
  1. -1. -1. -1. -1.  1. -1. -1.  1.  1.  1.  1. -1. -1. -1.  1.  1. -1.
  1.  1.  1.  1. -1.  1. -1.  1. -1.  1.  1. -1. -1.  1.  1.  1. -1.  1.
  1. -1.  1. -1.  1. -1. -1.  1.  1.  1. -1. -1.  1. -1.  1. -1.  1. -1.
  1. -1.  1. -1.  1.  1. -1. -1. -1.  1.  1. -1.  1. -1.  1. -1. -1.  1.
 -1.  1.  1. -1.  1.  1. -1. -1. -1. -1. -1.  1.  1.  1. -1.  1.  1.  1.
 -1.  1.  1.  1.  1. -1. -1. -1.  1. -1.  1. -1. -1. -1. -1.  1. -1.  1.
 -1. -1.  1. -1.  1.  1.  1. -1. -1.  1. -1.  1. -1. -1.  1.  1. -1.  1.
 -1.  1.  1. -1.  1.  1.  1. -1.  1. -1.  1.  1. -1.  1.  1. -1. -1. -1.
 -1.  1. -1.  1. -1.  1.  1. -1.  1.  1.  1.  1. -1.  1.  1. -1. -1. -1.
 -1.  1. -1. -1.  1. -1. -1.  1. -1. -1. -1.  1. -1. -1. -1.  1. -1.  1.
  1.  1. -1. -1.  1.  1.  1. -1. -1.  1.  1. -1.  1. -1.  1.  1.  1. -1.
  1. -1.  1. -1. -1.  1.  1. -1.  1.  1.  1. -1.  1. -1.  1. -1.  1. -1.
 -1. -1. -1.  1. -1.  1. -1.  1. -1.  1. -1.  1.  1. -1.  1. -1. -1. -1.
  1. -1.  1.  1.  1.  1. -1.  1. -1. -1. -1.  1. -1.  1. -1. -1.  1. -1.
  1.  1.  1.  1. -1.  1. -1.  1. -1.  1. -1. -1. -1. -1. -1.  1.  1. -1.
  1.  1.  1. -1. -1.  1.  1.  1.  1. -1. -1.  1. -1.  1. -1. -1. -1. -1.
 -1. -1.  1. -1. -1.  1.  1.  1.  1.  1.  1.  1. -1. -1. -1.  1.  1. -1.
 -1. -1.  1.  1. -1. -1. -1. -1.  1. -1.  1.  1.  1.  1. -1. -1.  1. -1.
  1.  1. -1. -1. -1.  1.  1.  1.  1.  1. -1.  1. -1. -1. -1. -1. -1.  1.
 -1. -1. -1. -1.  1. -1.  1.  1.]
16.0
248.0
1648.0
[-1. -1.  1. -1.  1. -1. -1.  1.  1. -1.  1. -1. -1.  1. -1.  1.  1. -1.
  1. -1.  1. -1.  1.  1. -1.  1.  1. -1.  1. -1. -1.  1.  1. -1.  1. -1.
 -1.  1.  1. -1.  1.  1.  1.  1.  1.  1.  1. -1. -1.  1. -1.  1.  1. -1.
  1. -1.  1.  1.  1. -1.  1. -1. -1. -1. -1. -1. -1. -1.  1.  1.  1.  1.
  1. -1. -1.  1.  1. -1. -1. -1. -1. -1.  1. -1. -1. -1.  1.  1. -1. -1.
  1.  1. -1.  1. -1.  1.  1. -1. -1.  1. -1.  1.  1. -1.  1. -1. -1.  1.
 -1. -1.  1.  1. -1.  1.  1.  1.  1. -1. -1.  1.  1. -1.  1.  1.  1.  1.
 -1.  1. -1.  1. -1.  1.  1. -1.  1. -1.  1. -1.  1. -1. -1.  1.  1.  1.
  1.  1.  1. -1. -1. -1. -1.  1.  1. -1.  1. -1. -1.  1.  1. -1. -1. -1.
  1. -1. -1. -1.  1.  1. -1.  1.  1. -1.  1.  1.  1. -1. -1.  1. -1.  1.
 -1. -1.  1.  1. -1.  1. -1.  1. -1.  1.  1. -1. -1. -1. -1.  1. -1.  1.
  1. -1.  1.  1.  1.  1.  1. -1. -1. -1. -1. -1.  1. -1. -1. -1.  1.  1.
  1. -1. -1. -1.  1.  1. -1. -1.  1. -1.  1. -1.  1. -1. -1. -1. -1.  1.
 -1.  1. -1.  1.  1.  1. -1.  1.  1. -1. -1.  1. -1.  1. -1. -1. -1. -1.
 -1. -1. -1.  1.  1. -1.  1.  1.  1.  1.  1.  1.  1.  1.  1.  1. -1.  1.
 -1.  1. -1. -1. -1. -1. -1.  1. -1.  1. -1.  1.  1. -1.  1. -1. -1.  1.
 -1. -1. -1. -1.  1.  1.  1. -1.  1.  1. -1. -1.  1.  1.  1.  1. -1. -1.
  1.  1.  1. -1.  1. -1.  1. -1.  1.  1. -1.  1. -1. -1. -1.  1.  1. -1.
  1.  1.  1.  1.  1. -1.  1.  1. -1. -1. -1. -1. -1.  1.  1. -1. -1.  1.
  1.  1.  1. -1. -1.  1. -1. -1.  1. -1.  1. -1. -1. -1.  1. -1.  1. -1.
  1. -1.  1. -1. -1.  1.  1.  1.  1.  1.  1. -1.  1. -1.  1. -1. -1. -1.
 -1. -1. -1. -1. -1. -1.  1. -1. -1. -1. -1.  1. -1. -1. -1.  1.  1. -1.
  1. -1.  1. -1.  1.  1. -1.  1. -1.  1. -1. -1.  1. -1. -1.  1.  1.  1.
 -1.  1. -1. -1.  1.  1.  1.  1.  1. -1. -1.  1. -1. -1.  1.  1.  1.  1.
 -1.  1. -1.  1.  1. -1.  1.  1. -1. -1. -1.  1. -1.  1. -1. -1. -1.  1.
 -1.  1.  1. -1. -1. -1.  1. -1. -1. -1. -1. -1. -1. -1.  1. -1.  1.  1.
 -1. -1.  1. -1. -1.  1. -1. -1. -1.  1.  1.  1.  1.  1. -1. -1.  1. -1.
  1.  1. -1.  1.  1.  1. -1. -1.  1.  1. -1.  1. -1. -1. -1. -1. -1.  1.
 -1. -1.  1.  1.  1.  1.  1.  1.]
0.0
256.0
1630.0
mean:1637.8 max_cut_gw:1637.8
