[-1. -1.  1. -1.  1. -1.  1. -1.  1.  1. -1.  1. -1.  1. -1. -1.  1.  1.
  1.  1.  1. -1.  1.  1. -1.  1. -1.  1. -1.  1.  1. -1.]
4.0
14.0
100.0
[-1.  1.  1. -1. -1. -1. -1. -1.  1. -1. -1.  1. -1.  1. -1. -1.  1. -1.
  1.  1.  1. -1.  1.  1. -1.  1. -1.  1. -1.  1. -1. -1.]
-4.0
18.0
98.0
[ 1. -1.  1.  1. -1.  1. -1.  1.  1.  1. -1. -1. -1.  1.  1. -1.  1.  1.
  1.  1.  1. -1.  1. -1.  1. -1. -1. -1. -1. -1. -1.  1.]
2.0
15.0
93.0
[ 1.  1.  1.  1. -1.  1. -1.  1. -1. -1.  1. -1.  1. -1.  1.  1.  1. -1.
 -1. -1. -1.  1. -1. -1.  1. -1.  1. -1. -1.  1. -1.  1.]
0.0
16.0
100.0
[-1.  1.  1. -1. -1.  1. -1.  1.  1. -1.  1. -1. -1. -1.  1.  1.  1. -1.
 -1.  1.  1. -1.  1.  1.  1.  1.  1.  1. -1.  1. -1.  1.]
6.0
13.0
93.0
[ 1.  1. -1.  1.  1.  1.  1.  1. -1. -1.  1. -1.  1. -1.  1.  1. -1. -1.
 -1. -1. -1.  1. -1. -1.  1. -1.  1. -1.  1.  1.  1.  1.]
4.0
14.0
102.0
[ 1. -1.  1.  1. -1.  1. -1.  1. -1. -1. -1. -1. -1.  1.  1.  1.  1.  1.
 -1.  1.  1. -1.  1. -1.  1. -1.  1. -1. -1. -1. -1.  1.]
0.0
16.0
94.0
[-1.  1. -1. -1. -1. -1.  1. -1. -1. -1.  1. -1.  1. -1.  1.  1.  1. -1.
 -1.  1. -1.  1. -1.  1. -1.  1.  1.  1.  1.  1.  1.  1.]
2.0
15.0
95.0
[ 1.  1. -1.  1.  1. -1.  1. -1. -1.  1.  1. -1.  1. -1.  1.  1. -1. -1.
 -1. -1. -1.  1. -1. -1. -1. -1.  1. -1.  1.  1.  1.  1.]
0.0
16.0
100.0
[ 1.  1. -1.  1.  1.  1.  1.  1. -1. -1.  1. -1.  1. -1.  1.  1. -1. -1.
 -1. -1. -1.  1. -1. -1.  1. -1.  1. -1.  1.  1. -1.  1.]
2.0
15.0
103.0
mean:97.8 max_cut_gw:97.8
