[-1.  1.  1.  1. -1.  1. -1.  1. -1.  1. -1.  1. -1. -1.  1. -1.  1. -1.
 -1.  1.  1. -1.  1.  1. -1.  1.  1.  1. -1.  1.  1. -1.  1.  1. -1.  1.
 -1.  1.  1. -1.  1.  1. -1.  1.  1.  1. -1. -1. -1. -1. -1. -1.  1. -1.
  1. -1. -1. -1.  1.  1. -1.  1. -1. -1.  1. -1.  1. -1. -1. -1.  1.  1.
 -1. -1. -1. -1.  1. -1.  1.  1.  1. -1. -1.  1. -1.  1. -1. -1. -1. -1.
 -1.  1.  1.  1. -1. -1.  1.  1.  1.  1. -1.  1.  1.  1.  1. -1. -1.  1.
  1. -1. -1.  1. -1.  1.  1. -1. -1.  1. -1.  1.  1. -1. -1.  1. -1. -1.
  1.  1. -1.  1.  1. -1. -1.  1. -1.  1.  1. -1.  1.  1.  1.  1. -1.  1.
  1.  1. -1. -1. -1. -1. -1.  1.  1.  1.  1. -1. -1.  1. -1.  1.  1. -1.
  1. -1. -1. -1. -1. -1.  1.  1. -1.  1. -1. -1. -1.  1. -1.  1.  1.  1.
  1. -1.  1. -1. -1. -1.  1.  1.  1. -1.  1.  1. -1.  1.  1. -1.  1.  1.
 -1.  1. -1. -1.  1. -1. -1.  1. -1. -1. -1. -1.  1. -1.  1. -1.  1.  1.
 -1.  1. -1.  1.  1.  1. -1.  1. -1. -1. -1. -1. -1. -1.  1. -1. -1.  1.
  1. -1. -1.  1.  1.  1. -1. -1.  1. -1.  1. -1.  1. -1. -1. -1. -1.  1.
 -1. -1.  1. -1.]
-4.0
130.0
808.0
[ 1. -1. -1. -1.  1. -1.  1. -1.  1.  1.  1. -1. -1.  1. -1.  1. -1.  1.
  1. -1. -1.  1. -1. -1.  1. -1. -1. -1.  1.  1. -1.  1. -1.  1. -1. -1.
  1. -1. -1.  1. -1. -1. -1. -1. -1. -1.  1.  1.  1.  1. -1.  1. -1.  1.
 -1.  1.  1.  1. -1. -1.  1. -1.  1.  1. -1.  1. -1.  1.  1.  1. -1. -1.
  1.  1.  1.  1. -1.  1.  1. -1.  1.  1.  1. -1.  1. -1.  1. -1.  1. -1.
  1. -1. -1.  1.  1.  1. -1. -1. -1. -1.  1. -1. -1. -1. -1.  1.  1. -1.
 -1.  1.  1.  1.  1. -1. -1.  1.  1. -1.  1. -1. -1.  1. -1. -1. -1.  1.
 -1. -1.  1.  1. -1. -1.  1. -1.  1.  1. -1.  1. -1. -1. -1.  1.  1. -1.
 -1. -1.  1.  1.  1.  1. -1. -1. -1.  1. -1.  1. -1. -1.  1.  1. -1.  1.
 -1.  1.  1.  1.  1.  1.  1. -1.  1. -1.  1. -1.  1. -1.  1. -1.  1. -1.
 -1.  1. -1.  1.  1.  1. -1. -1.  1.  1. -1. -1.  1. -1. -1.  1.  1. -1.
  1. -1.  1.  1. -1.  1.  1. -1.  1.  1.  1. -1. -1.  1. -1.  1. -1. -1.
 -1. -1.  1. -1.  1. -1.  1. -1.  1.  1.  1. -1.  1.  1. -1.  1. -1. -1.
 -1.  1.  1. -1. -1. -1.  1.  1. -1.  1. -1.  1.  1. -1.  1.  1. -1.  1.
  1.  1. -1.  1.]
6.0
125.0
799.0
[ 1.  1. -1.  1.  1. -1.  1. -1. -1.  1. -1. -1.  1.  1. -1.  1. -1.  1.
 -1. -1.  1.  1. -1. -1. -1.  1. -1.  1. -1. -1. -1.  1. -1. -1.  1. -1.
 -1. -1.  1.  1.  1. -1.  1. -1. -1.  1. -1.  1.  1. -1.  1.  1.  1.  1.
  1.  1.  1.  1. -1. -1.  1. -1.  1. -1. -1.  1. -1.  1.  1. -1.  1. -1.
  1.  1. -1.  1.  1.  1.  1.  1. -1. -1. -1.  1.  1.  1.  1.  1. -1.  1.
  1. -1. -1. -1.  1. -1. -1. -1.  1. -1.  1.  1. -1. -1.  1. -1.  1. -1.
 -1.  1. -1. -1. -1.  1. -1.  1. -1. -1.  1. -1. -1.  1. -1. -1.  1. -1.
  1. -1.  1. -1. -1.  1.  1. -1. -1.  1. -1.  1. -1. -1. -1. -1.  1.  1.
 -1. -1.  1.  1.  1.  1.  1. -1.  1. -1. -1.  1.  1.  1.  1.  1. -1.  1.
 -1.  1.  1. -1. -1.  1.  1. -1.  1. -1.  1. -1.  1. -1.  1.  1. -1. -1.
  1. -1. -1.  1. -1.  1. -1. -1. -1. -1. -1. -1.  1.  1. -1.  1.  1. -1.
  1. -1.  1.  1. -1.  1.  1.  1. -1. -1.  1.  1. -1.  1. -1.  1.  1. -1.
  1. -1.  1. -1.  1.  1. -1. -1.  1. -1. -1.  1.  1. -1. -1.  1.  1.  1.
  1. -1.  1.  1. -1. -1.  1.  1. -1. -1.  1.  1. -1. -1.  1. -1. -1. -1.
  1.  1. -1.  1.]
6.0
125.0
831.0
[ 1. -1.  1. -1.  1. -1. -1. -1.  1. -1.  1. -1. -1.  1.  1.  1.  1. -1.
  1.  1. -1. -1.  1. -1.  1. -1.  1. -1.  1.  1.  1. -1. -1.  1. -1.  1.
  1.  1. -1. -1. -1.  1. -1.  1.  1. -1.  1.  1. -1.  1. -1. -1. -1.  1.
 -1. -1. -1. -1.  1.  1.  1. -1.  1.  1. -1. -1.  1. -1. -1.  1. -1.  1.
 -1. -1.  1. -1. -1. -1.  1. -1.  1.  1.  1. -1.  1. -1. -1. -1.  1. -1.
 -1.  1. -1.  1.  1. -1. -1.  1. -1.  1. -1. -1. -1. -1. -1.  1. -1.  1.
  1. -1.  1. -1.  1. -1.  1. -1.  1. -1. -1.  1.  1. -1. -1.  1. -1.  1.
 -1. -1. -1.  1.  1. -1.  1.  1.  1.  1. -1. -1.  1.  1.  1. -1.  1. -1.
  1.  1. -1. -1.  1. -1. -1.  1. -1.  1.  1.  1. -1. -1. -1. -1.  1.  1.
 -1. -1.  1.  1.  1. -1.  1.  1. -1.  1.  1.  1. -1.  1. -1. -1.  1.  1.
 -1.  1.  1. -1.  1.  1. -1.  1.  1.  1. -1. -1. -1. -1.  1. -1. -1.  1.
 -1.  1. -1. -1. -1.  1. -1. -1.  1.  1. -1. -1. -1. -1. -1. -1. -1. -1.
 -1.  1.  1.  1. -1. -1.  1.  1.  1.  1.  1. -1. -1.  1. -1. -1. -1. -1.
 -1.  1.  1. -1.  1.  1.  1. -1. -1.  1. -1. -1.  1.  1.  1.  1. -1.  1.
 -1. -1. -1. -1.]
-12.0
134.0
822.0
[-1.  1. -1.  1.  1. -1.  1. -1.  1. -1.  1. -1. -1.  1.  1.  1.  1.  1.
  1.  1. -1.  1. -1. -1.  1. -1. -1.  1.  1. -1.  1. -1. -1.  1.  1. -1.
  1.  1. -1.  1. -1.  1.  1. -1.  1. -1.  1.  1. -1.  1.  1. -1.  1. -1.
 -1.  1.  1. -1.  1.  1.  1. -1.  1.  1. -1.  1.  1. -1. -1.  1. -1.  1.
 -1.  1. -1.  1. -1.  1. -1. -1. -1.  1.  1. -1.  1. -1.  1. -1.  1. -1.
  1.  1. -1.  1. -1. -1. -1.  1. -1.  1.  1. -1.  1. -1. -1.  1. -1.  1.
 -1.  1.  1. -1.  1. -1.  1. -1.  1. -1. -1.  1.  1. -1. -1.  1. -1.  1.
 -1. -1. -1.  1. -1. -1.  1. -1.  1. -1. -1. -1. -1.  1. -1. -1.  1. -1.
  1.  1. -1. -1.  1. -1. -1.  1.  1.  1.  1. -1.  1. -1. -1. -1. -1.  1.
  1. -1.  1.  1.  1. -1.  1. -1. -1.  1.  1.  1. -1.  1.  1. -1.  1.  1.
 -1.  1. -1. -1.  1.  1. -1.  1.  1.  1. -1. -1. -1. -1.  1. -1.  1. -1.
 -1. -1.  1.  1. -1.  1.  1. -1.  1.  1. -1. -1.  1.  1. -1.  1.  1. -1.
 -1.  1.  1. -1. -1.  1.  1. -1.  1. -1.  1. -1. -1. -1. -1.  1. -1.  1.
 -1.  1.  1. -1. -1. -1.  1.  1.  1.  1. -1. -1.  1.  1.  1.  1.  1.  1.
 -1.  1. -1. -1.]
10.0
123.0
821.0
[ 1. -1.  1. -1. -1. -1. -1.  1.  1. -1.  1.  1. -1. -1.  1. -1.  1. -1.
  1.  1.  1. -1.  1.  1.  1. -1.  1.  1.  1.  1.  1. -1.  1.  1. -1.  1.
  1.  1. -1. -1. -1.  1. -1.  1.  1. -1.  1. -1. -1.  1. -1. -1. -1. -1.
 -1. -1. -1. -1.  1.  1. -1.  1. -1.  1.  1. -1.  1. -1.  1.  1. -1.  1.
 -1. -1.  1. -1. -1. -1. -1.  1.  1.  1.  1.  1. -1. -1. -1.  1.  1. -1.
  1.  1.  1.  1. -1.  1.  1.  1. -1.  1. -1. -1. -1.  1. -1. -1. -1.  1.
  1. -1.  1. -1.  1. -1.  1. -1.  1. -1. -1.  1.  1. -1.  1. -1. -1.  1.
 -1.  1. -1.  1.  1. -1.  1.  1.  1. -1.  1. -1. -1.  1.  1. -1. -1. -1.
  1.  1. -1. -1.  1. -1. -1.  1. -1.  1.  1.  1.  1. -1. -1. -1. -1.  1.
  1. -1. -1.  1.  1. -1. -1.  1. -1.  1. -1.  1. -1. -1.  1. -1.  1.  1.
 -1.  1.  1. -1.  1.  1. -1.  1.  1.  1. -1. -1. -1. -1.  1. -1. -1.  1.
 -1.  1. -1. -1.  1. -1. -1. -1.  1.  1. -1. -1.  1. -1.  1. -1. -1.  1.
 -1.  1. -1. -1. -1. -1.  1.  1.  1.  1.  1. -1. -1.  1. -1. -1. -1. -1.
 -1. -1. -1. -1.  1. -1.  1. -1.  1. -1.  1. -1.  1.  1. -1.  1.  1.  1.
 -1. -1. -1. -1.]
-8.0
132.0
826.0
[ 1. -1.  1. -1.  1. -1. -1. -1.  1. -1.  1.  1. -1. -1.  1. -1.  1. -1.
  1. -1. -1. -1. -1.  1.  1. -1. -1.  1.  1. -1. -1. -1.  1. -1. -1.  1.
  1.  1. -1. -1. -1.  1. -1.  1.  1. -1.  1.  1. -1.  1. -1. -1. -1. -1.
 -1. -1.  1. -1.  1.  1. -1. -1. -1.  1.  1. -1.  1. -1.  1.  1. -1.  1.
  1. -1.  1.  1. -1.  1. -1. -1.  1.  1.  1. -1. -1.  1.  1.  1.  1. -1.
  1.  1.  1.  1. -1.  1.  1.  1. -1.  1. -1. -1. -1.  1. -1.  1.  1.  1.
 -1.  1.  1. -1.  1. -1.  1. -1.  1. -1. -1.  1.  1. -1.  1. -1. -1.  1.
 -1.  1. -1.  1.  1. -1.  1. -1.  1. -1.  1. -1. -1.  1.  1. -1.  1. -1.
 -1.  1. -1.  1.  1.  1.  1.  1. -1.  1.  1.  1.  1. -1. -1. -1. -1.  1.
  1.  1. -1.  1.  1. -1. -1. -1. -1. -1. -1.  1.  1. -1.  1. -1.  1. -1.
 -1.  1. -1.  1.  1.  1. -1.  1.  1.  1. -1. -1. -1. -1.  1. -1. -1.  1.
 -1.  1.  1. -1. -1. -1.  1. -1.  1.  1.  1. -1. -1.  1.  1. -1. -1. -1.
 -1.  1.  1. -1.  1. -1.  1. -1.  1.  1.  1. -1. -1.  1. -1. -1. -1. -1.
 -1. -1.  1. -1. -1. -1.  1. -1.  1.  1.  1. -1.  1.  1. -1.  1.  1.  1.
 -1. -1. -1. -1.]
-2.0
129.0
817.0
[-1.  1. -1.  1. -1.  1. -1.  1. -1. -1. -1.  1.  1. -1. -1. -1. -1. -1.
  1. -1.  1. -1.  1.  1. -1.  1. -1. -1.  1.  1.  1.  1.  1. -1.  1.  1.
 -1.  1.  1. -1.  1.  1.  1. -1. -1.  1.  1. -1. -1. -1.  1. -1.  1. -1.
  1.  1.  1.  1. -1. -1. -1.  1. -1. -1.  1.  1. -1. -1. -1. -1.  1. -1.
 -1. -1. -1. -1. -1.  1. -1.  1. -1. -1. -1.  1. -1. -1. -1.  1. -1.  1.
 -1.  1.  1. -1. -1.  1.  1. -1.  1.  1. -1.  1.  1.  1.  1. -1. -1. -1.
  1.  1.  1.  1. -1.  1. -1.  1. -1.  1.  1.  1.  1. -1.  1. -1. -1. -1.
  1.  1. -1. -1. -1.  1. -1. -1.  1. -1.  1. -1.  1. -1.  1. -1. -1.  1.
  1.  1. -1. -1. -1. -1.  1.  1.  1. -1.  1. -1.  1.  1. -1.  1.  1. -1.
  1. -1. -1.  1. -1. -1. -1.  1.  1.  1. -1.  1. -1. -1.  1.  1.  1.  1.
  1. -1.  1. -1.  1. -1.  1. -1. -1.  1. -1.  1. -1.  1.  1.  1. -1.  1.
 -1.  1. -1.  1.  1. -1. -1. -1.  1. -1. -1.  1.  1. -1.  1. -1.  1.  1.
  1. -1. -1. -1. -1.  1.  1.  1. -1.  1. -1.  1.  1. -1.  1. -1.  1.  1.
  1. -1. -1.  1.  1. -1. -1.  1.  1. -1.  1.  1. -1.  1. -1. -1.  1. -1.
  1.  1.  1. -1.]
4.0
126.0
810.0
[-1.  1. -1.  1.  1. -1.  1. -1. -1.  1. -1.  1.  1.  1. -1.  1. -1.  1.
 -1. -1.  1.  1. -1. -1. -1.  1.  1.  1. -1. -1. -1.  1. -1. -1.  1. -1.
 -1.  1.  1.  1.  1. -1.  1.  1.  1. -1. -1.  1.  1. -1.  1.  1.  1.  1.
  1.  1.  1. -1.  1. -1.  1. -1.  1. -1. -1. -1. -1.  1.  1. -1.  1. -1.
 -1.  1. -1.  1. -1.  1.  1.  1. -1.  1.  1.  1.  1.  1.  1. -1. -1.  1.
  1. -1. -1. -1. -1. -1.  1.  1.  1. -1.  1.  1. -1. -1.  1. -1.  1.  1.
 -1. -1. -1. -1.  1.  1.  1. -1. -1. -1.  1. -1. -1.  1. -1. -1.  1. -1.
  1. -1. -1. -1. -1.  1.  1.  1. -1.  1. -1.  1. -1. -1. -1. -1.  1.  1.
 -1. -1.  1. -1.  1.  1.  1. -1.  1. -1. -1. -1.  1.  1.  1. -1. -1.  1.
  1.  1.  1. -1. -1. -1.  1. -1.  1. -1. -1. -1.  1. -1. -1. -1. -1. -1.
  1.  1. -1.  1. -1.  1. -1. -1. -1. -1. -1. -1.  1.  1. -1.  1.  1. -1.
  1. -1.  1.  1.  1.  1.  1.  1. -1. -1.  1.  1. -1. -1. -1.  1.  1.  1.
 -1. -1.  1. -1.  1.  1. -1. -1.  1. -1. -1.  1.  1. -1. -1.  1. -1.  1.
  1. -1. -1.  1. -1.  1.  1.  1.  1. -1.  1. -1. -1. -1.  1. -1. -1. -1.
  1.  1. -1.  1.]
0.0
128.0
822.0
[ 1. -1.  1. -1.  1.  1. -1.  1.  1. -1. -1.  1. -1. -1. -1. -1.  1. -1.
 -1. -1.  1. -1.  1.  1.  1. -1.  1. -1.  1.  1.  1. -1. -1. -1. -1.  1.
  1.  1.  1. -1. -1.  1. -1.  1.  1. -1.  1. -1. -1.  1. -1. -1. -1.  1.
  1. -1.  1.  1. -1.  1. -1.  1. -1.  1.  1. -1.  1. -1.  1. -1. -1. -1.
  1. -1.  1. -1.  1. -1.  1. -1.  1. -1. -1.  1. -1.  1. -1.  1. -1.  1.
  1.  1.  1.  1.  1.  1.  1. -1.  1. -1. -1.  1. -1.  1.  1. -1.  1. -1.
  1. -1.  1. -1. -1. -1.  1. -1.  1. -1. -1.  1.  1. -1.  1. -1. -1. -1.
  1.  1. -1. -1.  1.  1. -1. -1.  1. -1.  1. -1.  1.  1.  1. -1. -1.  1.
 -1.  1. -1.  1.  1. -1. -1.  1. -1.  1. -1.  1. -1. -1.  1.  1.  1. -1.
  1. -1. -1. -1.  1.  1. -1.  1.  1.  1. -1.  1. -1. -1.  1. -1.  1.  1.
 -1.  1.  1. -1. -1. -1.  1. -1.  1.  1.  1.  1. -1. -1.  1. -1. -1.  1.
 -1.  1. -1. -1.  1. -1. -1. -1. -1.  1.  1.  1. -1. -1.  1. -1. -1.  1.
 -1. -1. -1. -1. -1. -1.  1.  1.  1.  1. -1.  1. -1.  1.  1. -1.  1. -1.
  1. -1. -1.  1.  1. -1. -1. -1.  1.  1. -1.  1.  1.  1. -1.  1. -1.  1.
  1. -1. -1. -1.]
-2.0
129.0
817.0
mean:817.3 max_cut_gw:817.3
