[ 1. -1.  1. -1.  1. -1. -1.  1.  1. -1. -1. -1. -1.  1. -1.  1. -1. -1.
  1.  1. -1.  1. -1. -1.  1.  1. -1. -1.  1. -1.  1. -1.  1.  1. -1. -1.
 -1.  1.  1. -1.  1.  1.  1. -1. -1.  1. -1.  1.  1. -1.  1. -1.  1. -1.
 -1. -1. -1.  1. -1. -1. -1.  1.  1. -1. -1. -1. -1.  1.  1. -1. -1. -1.
 -1. -1.  1. -1.  1.  1.  1.  1.  1. -1.  1. -1.  1.  1. -1.  1. -1. -1.
  1. -1.  1.  1.  1.  1.  1.  1.  1.  1.  1.  1.  1. -1. -1. -1. -1.  1.
  1. -1.  1.  1. -1.  1.  1.  1.  1. -1.  1. -1.  1. -1.  1.  1. -1. -1.
  1. -1.]
4.0
62.0
398.0
[ 1. -1. -1.  1.  1. -1. -1. -1.  1.  1. -1.  1. -1. -1.  1.  1.  1.  1.
 -1.  1.  1.  1. -1. -1.  1.  1.  1. -1. -1.  1.  1.  1. -1.  1.  1. -1.
  1.  1. -1.  1. -1.  1. -1. -1.  1. -1.  1. -1.  1. -1.  1. -1.  1. -1.
  1. -1.  1. -1.  1. -1. -1. -1. -1.  1. -1. -1.  1. -1.  1.  1. -1. -1.
 -1.  1. -1.  1. -1. -1. -1.  1. -1.  1. -1. -1.  1.  1. -1. -1. -1.  1.
  1. -1.  1.  1. -1.  1. -1.  1. -1. -1. -1. -1.  1.  1. -1.  1. -1.  1.
 -1. -1.  1. -1. -1.  1.  1.  1.  1. -1. -1.  1.  1.  1. -1. -1. -1. -1.
  1. -1.]
-4.0
66.0
406.0
[ 1. -1. -1. -1.  1.  1.  1.  1. -1. -1.  1. -1. -1. -1. -1. -1. -1.  1.
  1. -1.  1. -1.  1.  1. -1. -1.  1.  1.  1. -1.  1. -1.  1. -1. -1.  1.
 -1. -1. -1.  1. -1.  1.  1. -1. -1.  1. -1.  1.  1. -1. -1. -1.  1. -1.
 -1. -1.  1. -1.  1. -1.  1.  1. -1.  1.  1.  1. -1.  1. -1. -1.  1. -1.
 -1. -1. -1. -1. -1.  1.  1.  1. -1. -1.  1.  1.  1.  1. -1. -1.  1.  1.
 -1.  1.  1. -1.  1. -1.  1.  1.  1.  1.  1.  1. -1. -1. -1.  1. -1. -1.
  1. -1.  1.  1. -1.  1.  1.  1.  1. -1.  1.  1.  1.  1.  1. -1. -1.  1.
  1.  1.]
6.0
61.0
393.0
[ 1. -1.  1.  1.  1.  1. -1. -1.  1.  1.  1. -1. -1. -1.  1. -1.  1.  1.
 -1. -1.  1. -1. -1. -1.  1.  1.  1. -1.  1. -1.  1. -1.  1.  1. -1. -1.
  1.  1. -1. -1.  1.  1. -1. -1.  1. -1. -1.  1.  1. -1.  1.  1.  1. -1.
 -1. -1. -1.  1. -1. -1. -1.  1.  1. -1. -1. -1. -1. -1. -1.  1. -1. -1.
  1.  1. -1.  1. -1. -1. -1.  1. -1.  1. -1.  1.  1.  1. -1.  1. -1. -1.
  1.  1.  1.  1. -1.  1. -1.  1.  1. -1.  1.  1.  1.  1. -1.  1.  1. -1.
 -1. -1.  1.  1. -1.  1. -1.  1.  1.  1. -1. -1. -1. -1.  1.  1. -1. -1.
 -1. -1.]
-2.0
65.0
411.0
[-1.  1. -1.  1.  1.  1.  1.  1. -1.  1. -1.  1. -1. -1.  1.  1. -1.  1.
  1. -1. -1. -1.  1.  1. -1. -1.  1.  1. -1.  1.  1. -1. -1. -1.  1.  1.
 -1. -1. -1.  1. -1. -1.  1.  1. -1.  1.  1. -1.  1.  1. -1. -1. -1. -1.
  1.  1.  1. -1.  1. -1.  1. -1. -1.  1.  1.  1.  1.  1. -1. -1.  1.  1.
 -1. -1. -1.  1. -1. -1. -1. -1. -1.  1.  1. -1. -1.  1.  1. -1.  1.  1.
 -1.  1.  1. -1. -1. -1.  1.  1. -1.  1. -1. -1. -1. -1. -1.  1. -1. -1.
  1.  1. -1.  1.  1. -1.  1.  1.  1. -1.  1.  1.  1.  1. -1. -1. -1.  1.
  1.  1.]
4.0
62.0
396.0
[-1. -1.  1.  1.  1. -1. -1. -1. -1.  1. -1.  1. -1. -1.  1. -1.  1.  1.
 -1.  1.  1. -1.  1.  1.  1.  1.  1. -1. -1.  1.  1.  1.  1.  1.  1. -1.
  1.  1. -1. -1. -1. -1. -1. -1.  1. -1. -1.  1.  1.  1.  1.  1. -1. -1.
  1.  1. -1. -1.  1. -1. -1.  1.  1.  1.  1. -1.  1. -1. -1.  1.  1. -1.
 -1. -1. -1.  1. -1. -1. -1. -1. -1.  1. -1. -1.  1.  1. -1. -1. -1.  1.
  1. -1.  1.  1. -1.  1. -1.  1. -1.  1. -1.  1.  1.  1. -1.  1.  1. -1.
  1. -1.  1.  1. -1.  1. -1.  1.  1. -1. -1.  1. -1.  1.  1. -1. -1. -1.
  1. -1.]
2.0
63.0
417.0
[-1.  1.  1.  1. -1.  1. -1. -1.  1.  1.  1.  1.  1.  1.  1. -1.  1. -1.
 -1.  1.  1. -1.  1.  1.  1.  1. -1.  1.  1.  1. -1.  1. -1. -1.  1.  1.
 -1.  1.  1. -1.  1. -1. -1.  1.  1. -1.  1.  1. -1.  1. -1.  1. -1.  1.
  1.  1. -1.  1. -1.  1. -1. -1.  1.  1. -1. -1.  1. -1.  1.  1. -1.  1.
  1.  1.  1.  1. -1. -1. -1. -1.  1.  1. -1. -1. -1. -1.  1.  1. -1. -1.
 -1. -1. -1. -1.  1.  1. -1.  1. -1. -1. -1. -1.  1.  1.  1. -1.  1. -1.
 -1.  1. -1. -1.  1. -1. -1. -1. -1.  1. -1.  1. -1. -1.  1.  1.  1. -1.
 -1.  1.]
6.0
61.0
399.0
[-1.  1. -1. -1. -1.  1.  1.  1. -1. -1.  1. -1.  1.  1. -1. -1. -1.  1.
  1.  1. -1.  1.  1.  1. -1. -1. -1.  1. -1. -1. -1.  1. -1. -1. -1.  1.
 -1.  1. -1.  1.  1. -1. -1.  1. -1.  1.  1. -1. -1.  1.  1. -1. -1.  1.
  1.  1.  1. -1.  1. -1.  1. -1.  1.  1.  1.  1.  1.  1. -1. -1.  1.  1.
 -1. -1.  1. -1. -1. -1. -1. -1.  1. -1.  1. -1. -1.  1.  1. -1.  1.  1.
 -1. -1.  1. -1.  1. -1. -1. -1. -1.  1.  1. -1. -1. -1.  1. -1.  1. -1.
  1.  1. -1.  1.  1. -1.  1. -1. -1. -1.  1.  1.  1.  1. -1. -1.  1.  1.
  1.  1.]
0.0
64.0
400.0
[-1.  1. -1. -1. -1.  1.  1.  1.  1. -1.  1. -1.  1.  1. -1.  1. -1. -1.
  1. -1. -1.  1.  1. -1. -1. -1. -1.  1.  1. -1. -1.  1. -1. -1.  1.  1.
 -1. -1.  1.  1.  1. -1.  1.  1.  1. -1.  1. -1. -1.  1. -1. -1.  1.  1.
 -1.  1.  1.  1. -1.  1.  1. -1. -1. -1.  1.  1.  1.  1.  1. -1. -1.  1.
  1.  1.  1. -1.  1.  1.  1.  1.  1. -1.  1.  1. -1. -1.  1. -1.  1. -1.
 -1.  1. -1. -1.  1. -1.  1. -1. -1. -1.  1. -1. -1. -1.  1. -1.  1.  1.
 -1.  1. -1. -1.  1. -1. -1. -1. -1.  1.  1. -1. -1. -1. -1.  1.  1.  1.
 -1.  1.]
2.0
63.0
417.0
[ 1.  1. -1. -1. -1. -1.  1.  1.  1. -1.  1. -1.  1.  1. -1.  1. -1. -1.
  1.  1. -1.  1. -1. -1.  1.  1. -1.  1.  1. -1. -1.  1.  1. -1. -1.  1.
 -1. -1.  1.  1.  1.  1.  1. -1. -1.  1.  1. -1. -1. -1. -1. -1.  1.  1.
 -1. -1.  1.  1. -1.  1.  1. -1. -1. -1. -1.  1. -1.  1.  1. -1. -1.  1.
  1.  1.  1. -1.  1.  1.  1.  1.  1. -1.  1.  1. -1. -1.  1.  1.  1. -1.
 -1.  1. -1. -1.  1. -1.  1. -1.  1. -1.  1. -1.  1. -1.  1. -1. -1.  1.
 -1.  1. -1. -1.  1. -1.  1. -1. -1.  1.  1. -1.  1. -1. -1.  1.  1.  1.
 -1.  1.]
6.0
61.0
411.0
mean:404.8 max_cut_gw:404.8
