[-1.  1.  1. -1.  1.  1.  1.  1. -1. -1.  1.  1.  1. -1. -1.  1.  1.  1.
 -1. -1.  1. -1.  1. -1. -1. -1. -1. -1.  1. -1. -1.  1.  1. -1.  1.  1.
  1. -1. -1. -1.  1.  1. -1.  1.  1.  1.  1. -1.  1.  1. -1. -1.  1.  1.
 -1.  1. -1. -1. -1. -1. -1.  1.  1. -1.]
2.0
31.0
201.0
[-1.  1.  1. -1.  1.  1.  1.  1. -1. -1.  1.  1.  1. -1. -1.  1.  1.  1.
 -1.  1.  1. -1.  1. -1. -1. -1. -1. -1.  1. -1. -1.  1. -1.  1.  1.  1.
  1. -1. -1. -1.  1.  1. -1.  1.  1.  1.  1. -1.  1.  1. -1. -1.  1.  1.
  1.  1. -1. -1.  1. -1. -1.  1. -1. -1.]
6.0
29.0
205.0
[-1.  1.  1. -1.  1.  1.  1. -1. -1. -1.  1. -1.  1. -1. -1.  1.  1.  1.
 -1. -1.  1. -1.  1. -1. -1. -1. -1. -1.  1. -1. -1.  1.  1.  1. -1. -1.
  1. -1.  1. -1.  1. -1. -1.  1. -1.  1.  1.  1.  1.  1. -1. -1.  1.  1.
  1. -1. -1.  1.  1. -1. -1.  1.  1. -1.]
0.0
32.0
196.0
[ 1.  1. -1.  1. -1.  1. -1.  1. -1.  1.  1. -1. -1.  1. -1. -1.  1. -1.
  1.  1. -1.  1. -1.  1.  1. -1.  1.  1.  1.  1. -1. -1.  1. -1. -1. -1.
 -1.  1. -1.  1. -1.  1.  1.  1. -1. -1. -1.  1.  1. -1. -1.  1. -1. -1.
  1. -1.  1.  1. -1.  1. -1. -1.  1. -1.]
0.0
32.0
190.0
[-1.  1.  1. -1.  1.  1. -1. -1.  1. -1.  1.  1.  1. -1.  1.  1.  1.  1.
 -1.  1.  1. -1.  1. -1. -1. -1. -1. -1.  1. -1. -1.  1. -1.  1. -1.  1.
  1. -1.  1. -1.  1. -1. -1.  1.  1.  1.  1.  1. -1.  1. -1. -1.  1. -1.
  1. -1. -1.  1.  1. -1. -1.  1. -1.  1.]
4.0
30.0
200.0
[ 1. -1. -1. -1.  1. -1.  1.  1. -1.  1.  1.  1. -1. -1. -1.  1.  1.  1.
  1. -1. -1.  1. -1. -1.  1.  1.  1.  1. -1.  1.  1. -1.  1. -1.  1.  1.
  1. -1. -1. -1.  1.  1. -1. -1.  1.  1. -1. -1.  1. -1. -1. -1.  1.  1.
 -1.  1.  1. -1. -1.  1. -1. -1. -1. -1.]
0.0
32.0
206.0
[ 1. -1. -1. -1. -1. -1.  1.  1.  1.  1. -1.  1. -1.  1.  1.  1. -1. -1.
  1. -1. -1.  1. -1.  1. -1.  1.  1.  1. -1.  1.  1. -1. -1. -1.  1.  1.
  1. -1.  1.  1. -1.  1. -1. -1.  1.  1. -1. -1. -1. -1.  1. -1.  1.  1.
 -1.  1.  1. -1.  1.  1.  1. -1. -1.  1.]
4.0
30.0
196.0
[ 1. -1. -1.  1.  1. -1.  1.  1. -1.  1.  1. -1. -1.  1. -1. -1.  1. -1.
  1. -1. -1. -1. -1.  1.  1. -1.  1.  1.  1.  1. -1. -1.  1. -1. -1. -1.
 -1.  1.  1. -1. -1.  1.  1. -1. -1. -1. -1.  1.  1. -1.  1.  1. -1.  1.
 -1.  1.  1.  1. -1.  1. -1. -1.  1. -1.]
-2.0
33.0
195.0
[ 1.  1.  1.  1. -1.  1. -1. -1.  1. -1. -1. -1. -1.  1.  1. -1. -1. -1.
  1.  1. -1.  1.  1.  1.  1.  1. -1.  1. -1. -1. -1. -1. -1.  1. -1. -1.
 -1.  1.  1.  1. -1. -1.  1.  1. -1. -1.  1.  1. -1.  1.  1.  1. -1. -1.
  1. -1. -1.  1. -1. -1.  1.  1.  1.  1.]
2.0
31.0
199.0
[-1.  1. -1. -1.  1.  1. -1.  1. -1. -1.  1.  1.  1. -1. -1.  1.  1.  1.
 -1.  1.  1. -1.  1. -1. -1. -1. -1. -1.  1. -1. -1.  1. -1.  1.  1. -1.
  1. -1. -1. -1.  1.  1. -1.  1.  1.  1.  1. -1.  1.  1. -1. -1.  1.  1.
  1. -1. -1.  1. -1. -1. -1.  1. -1. -1.]
-2.0
33.0
203.0
mean:199.1 max_cut_gw:206.0 time:0.2378
