[-1.  1. -1.  1. -1.  1.  1.  1. -1.  1.  1. -1. -1.  1. -1.  1. -1.  1.
 -1. -1.  1. -1.  1.  1.  1. -1.  1. -1. -1.  1.  1. -1.  1.  1. -1.  1.
  1. -1. -1. -1. -1. -1.  1. -1.  1.  1. -1.  1.  1.  1.  1.  1.  1. -1.
 -1.  1. -1.  1. -1.  1.  1. -1.  1. -1.  1.  1. -1.  1. -1. -1. -1. -1.
 -1. -1.  1. -1.  1. -1. -1. -1.  1. -1. -1. -1.  1.  1.  1. -1.  1.  1.
  1. -1.  1.  1. -1. -1.  1. -1.  1. -1.  1. -1. -1.  1. -1.  1. -1.  1.
  1.  1. -1.  1.  1.  1. -1. -1.  1. -1.  1.  1. -1.  1. -1.  1. -1.  1.
 -1. -1.  1. -1.  1. -1.  1.  1. -1.  1. -1. -1. -1. -1.  1. -1.  1.  1.
 -1. -1. -1.  1. -1.  1.  1. -1. -1. -1. -1. -1.  1. -1.  1. -1. -1.  1.
  1.  1.  1.  1.  1. -1.  1.  1. -1. -1. -1. -1.  1.  1. -1.  1. -1.  1.
 -1.  1. -1. -1.  1.  1. -1.  1.  1.  1. -1.  1. -1. -1.  1.  1. -1.  1.
  1.  1. -1.  1.  1. -1.  1. -1.  1. -1.  1. -1. -1.  1. -1.  1. -1. -1.
 -1.  1. -1.  1. -1. -1.  1.  1.  1. -1.  1.  1.  1.  1. -1.  1.  1. -1.
  1. -1.  1. -1. -1. -1.  1. -1.  1.  1.  1.  1.  1. -1.  1.  1.  1.  1.
  1. -1.  1. -1. -1. -1.  1.  1. -1. -1.  1. -1. -1.  1. -1. -1.  1. -1.
 -1.  1. -1.  1.  1.  1.  1.  1.  1.  1.  1. -1.  1.  1. -1.  1. -1. -1.
  1. -1. -1.  1.  1. -1.  1.  1. -1.  1.  1.  1.  1. -1. -1.  1.  1. -1.
 -1. -1. -1. -1. -1.  1. -1.  1. -1. -1. -1. -1.  1.  1. -1. -1.  1. -1.
  1. -1. -1.  1. -1.  1. -1.  1. -1.  1.  1. -1.  1. -1.  1. -1. -1.  1.
 -1. -1.  1. -1.  1. -1. -1. -1. -1. -1. -1.  1. -1. -1. -1.  1. -1. -1.
 -1.  1. -1.  1.  1. -1. -1.  1. -1. -1. -1.  1. -1.  1.  1.  1. -1. -1.
 -1.  1. -1. -1.  1. -1.  1. -1.  1. -1.  1. -1. -1. -1. -1.  1. -1.  1.
 -1. -1. -1. -1. -1. -1. -1. -1.  1.  1.  1. -1.  1.  1. -1.  1. -1.  1.
 -1. -1. -1.  1.  1. -1.  1.  1.  1. -1.  1. -1.  1.  1.  1. -1.  1.  1.
 -1. -1.  1. -1.  1. -1. -1.  1.  1.  1.  1. -1.  1. -1.  1.  1.  1.  1.
 -1. -1. -1.  1. -1. -1. -1.  1.  1.  1.  1. -1.  1.  1.  1. -1.  1.  1.
  1.  1.  1.  1. -1. -1.  1. -1.  1.  1. -1. -1. -1.  1. -1.  1. -1.  1.
 -1. -1.  1. -1.  1.  1.  1. -1. -1. -1.  1.  1. -1. -1.  1.  1.  1. -1.
  1. -1.  1. -1. -1.  1. -1. -1.]
2.0
255.0
1637.0
[-1.  1.  1. -1. -1.  1.  1.  1.  1. -1.  1. -1. -1.  1. -1.  1. -1. -1.
  1. -1.  1. -1.  1.  1.  1. -1. -1.  1.  1. -1.  1. -1.  1. -1. -1.  1.
 -1. -1. -1. -1.  1. -1.  1. -1. -1.  1. -1.  1. -1.  1.  1.  1.  1. -1.
  1.  1.  1.  1.  1.  1.  1. -1.  1. -1.  1.  1. -1. -1. -1. -1. -1. -1.
  1. -1. -1. -1.  1. -1. -1. -1.  1. -1. -1. -1. -1.  1.  1.  1.  1. -1.
  1. -1.  1.  1. -1.  1.  1. -1.  1. -1.  1. -1.  1. -1. -1.  1.  1.  1.
 -1. -1. -1.  1. -1.  1. -1.  1.  1. -1.  1.  1. -1.  1.  1.  1. -1.  1.
 -1. -1. -1. -1. -1.  1. -1.  1. -1. -1.  1. -1. -1. -1. -1.  1.  1.  1.
 -1.  1.  1.  1. -1.  1.  1. -1.  1. -1.  1. -1.  1. -1.  1. -1. -1.  1.
  1.  1. -1.  1.  1. -1. -1.  1. -1. -1.  1.  1.  1.  1. -1.  1. -1.  1.
 -1.  1. -1. -1.  1.  1. -1.  1.  1.  1. -1.  1. -1. -1.  1.  1. -1.  1.
  1. -1.  1.  1.  1.  1.  1. -1. -1. -1.  1.  1.  1. -1.  1.  1. -1.  1.
 -1.  1. -1.  1.  1. -1. -1. -1.  1. -1.  1. -1.  1.  1. -1.  1.  1.  1.
 -1. -1.  1. -1. -1. -1.  1.  1.  1.  1. -1.  1. -1. -1.  1. -1.  1. -1.
  1. -1.  1.  1.  1. -1.  1.  1. -1.  1. -1.  1.  1.  1.  1.  1. -1.  1.
 -1.  1. -1.  1.  1.  1. -1.  1. -1.  1.  1. -1.  1. -1.  1. -1. -1.  1.
 -1. -1. -1.  1.  1. -1.  1.  1. -1.  1. -1.  1.  1. -1. -1.  1.  1. -1.
 -1. -1. -1. -1. -1.  1. -1. -1.  1. -1. -1. -1.  1.  1. -1.  1.  1. -1.
  1.  1. -1.  1. -1.  1. -1. -1. -1. -1.  1. -1.  1. -1.  1. -1. -1.  1.
 -1. -1.  1. -1.  1.  1. -1. -1. -1. -1. -1. -1. -1.  1. -1.  1. -1. -1.
  1. -1.  1.  1.  1.  1. -1.  1.  1. -1. -1.  1. -1.  1.  1. -1. -1. -1.
 -1. -1.  1. -1.  1. -1.  1. -1.  1. -1. -1.  1. -1. -1. -1.  1. -1.  1.
 -1. -1.  1. -1. -1. -1. -1. -1. -1.  1. -1. -1.  1. -1. -1.  1.  1.  1.
 -1. -1. -1.  1.  1.  1.  1.  1.  1. -1. -1. -1.  1.  1.  1.  1.  1.  1.
 -1. -1.  1. -1.  1.  1. -1. -1.  1.  1.  1.  1.  1. -1.  1.  1.  1.  1.
 -1.  1.  1. -1. -1. -1.  1.  1.  1. -1.  1. -1.  1.  1.  1. -1.  1.  1.
 -1.  1.  1.  1. -1. -1.  1. -1. -1.  1.  1. -1. -1.  1. -1.  1. -1.  1.
 -1. -1. -1.  1.  1.  1.  1. -1. -1. -1.  1.  1. -1. -1.  1.  1.  1.  1.
 -1. -1.  1. -1. -1.  1. -1.  1.]
14.0
249.0
1597.0
[-1.  1. -1. -1.  1.  1.  1. -1.  1. -1.  1. -1.  1.  1. -1.  1.  1. -1.
 -1.  1.  1. -1.  1. -1. -1.  1.  1. -1.  1. -1.  1. -1.  1. -1.  1. -1.
 -1.  1.  1.  1.  1.  1.  1.  1. -1.  1. -1.  1.  1. -1. -1. -1. -1.  1.
  1. -1.  1. -1.  1. -1.  1.  1. -1. -1. -1. -1. -1.  1. -1. -1. -1.  1.
 -1.  1. -1.  1.  1. -1. -1. -1.  1.  1. -1. -1.  1. -1.  1.  1. -1. -1.
  1.  1. -1.  1. -1.  1. -1. -1.  1. -1. -1.  1.  1.  1.  1. -1.  1. -1.
 -1. -1.  1. -1.  1.  1. -1.  1. -1. -1. -1. -1.  1. -1.  1. -1.  1.  1.
  1.  1.  1.  1. -1. -1.  1. -1.  1. -1.  1. -1.  1. -1. -1. -1. -1. -1.
  1.  1. -1.  1.  1. -1. -1.  1. -1. -1. -1. -1.  1.  1. -1.  1. -1.  1.
 -1. -1. -1. -1.  1. -1.  1.  1.  1. -1.  1.  1. -1.  1.  1. -1. -1.  1.
  1. -1.  1.  1. -1. -1.  1.  1.  1. -1.  1.  1.  1. -1. -1.  1. -1. -1.
 -1. -1.  1. -1.  1.  1.  1. -1. -1. -1.  1. -1.  1.  1. -1.  1.  1.  1.
 -1. -1.  1.  1. -1. -1.  1.  1.  1.  1. -1.  1.  1.  1. -1. -1.  1.  1.
 -1.  1.  1. -1. -1.  1. -1.  1. -1. -1. -1.  1. -1.  1.  1.  1. -1.  1.
  1. -1. -1. -1.  1. -1.  1. -1.  1.  1. -1.  1. -1.  1.  1.  1.  1.  1.
 -1.  1. -1. -1. -1.  1. -1.  1. -1. -1.  1. -1.  1. -1.  1. -1.  1.  1.
 -1. -1.  1. -1.  1. -1.  1.  1. -1.  1. -1. -1.  1. -1. -1. -1.  1. -1.
  1.  1. -1. -1.  1. -1.  1. -1.  1. -1. -1. -1. -1. -1. -1.  1.  1. -1.
  1.  1.  1.  1. -1.  1. -1.  1.  1. -1. -1.  1. -1.  1.  1. -1. -1. -1.
 -1.  1.  1. -1. -1. -1.  1.  1.  1. -1.  1.  1. -1.  1. -1. -1.  1.  1.
 -1.  1.  1. -1.  1. -1.  1. -1.  1. -1.  1. -1. -1.  1. -1. -1. -1. -1.
 -1.  1. -1.  1.  1.  1. -1.  1.  1. -1.  1.  1.  1. -1. -1.  1.  1. -1.
  1. -1.  1.  1.  1.  1.  1. -1. -1.  1. -1. -1.  1. -1. -1.  1. -1.  1.
 -1. -1.  1. -1. -1. -1.  1. -1.  1. -1. -1.  1. -1.  1. -1. -1. -1.  1.
 -1.  1. -1.  1. -1.  1. -1.  1. -1.  1. -1.  1. -1. -1.  1.  1.  1.  1.
  1. -1.  1.  1.  1. -1.  1. -1. -1. -1.  1.  1. -1.  1.  1. -1.  1.  1.
 -1.  1. -1. -1.  1. -1. -1. -1. -1.  1. -1.  1.  1. -1.  1.  1. -1.  1.
 -1. -1.  1.  1.  1.  1.  1. -1.  1. -1. -1. -1.  1.  1.  1.  1. -1. -1.
  1. -1.  1.  1. -1.  1.  1. -1.]
8.0
252.0
1666.0
[-1. -1.  1. -1. -1.  1.  1.  1. -1.  1.  1. -1.  1.  1. -1.  1.  1. -1.
  1. -1.  1. -1.  1.  1.  1.  1.  1. -1. -1. -1.  1. -1.  1. -1.  1.  1.
  1.  1.  1.  1.  1.  1. -1.  1.  1. -1.  1.  1. -1. -1. -1.  1.  1. -1.
  1. -1.  1.  1. -1. -1. -1.  1.  1.  1. -1. -1. -1.  1. -1.  1. -1. -1.
  1. -1. -1.  1. -1.  1. -1.  1. -1. -1. -1. -1.  1.  1.  1.  1. -1. -1.
  1.  1.  1.  1. -1.  1. -1. -1.  1.  1. -1.  1.  1.  1.  1.  1. -1.  1.
 -1. -1.  1. -1.  1. -1. -1.  1.  1. -1. -1.  1.  1.  1.  1.  1. -1.  1.
  1.  1. -1.  1. -1. -1.  1. -1. -1.  1.  1.  1.  1. -1. -1.  1. -1.  1.
  1.  1. -1.  1. -1. -1. -1.  1.  1. -1.  1. -1.  1.  1.  1. -1. -1. -1.
 -1. -1. -1. -1.  1.  1.  1.  1.  1. -1.  1. -1.  1. -1. -1. -1. -1.  1.
  1.  1.  1.  1. -1.  1.  1. -1. -1.  1.  1.  1.  1.  1. -1.  1. -1.  1.
  1. -1.  1.  1.  1.  1.  1. -1. -1. -1.  1. -1.  1. -1. -1.  1. -1.  1.
  1.  1.  1.  1.  1. -1.  1. -1.  1. -1. -1. -1.  1. -1. -1. -1. -1.  1.
 -1.  1.  1. -1. -1.  1. -1. -1. -1. -1. -1.  1. -1.  1. -1.  1. -1.  1.
 -1. -1. -1. -1.  1. -1.  1. -1.  1. -1.  1. -1. -1.  1.  1. -1. -1.  1.
 -1.  1. -1.  1. -1. -1.  1.  1. -1.  1.  1.  1.  1. -1. -1. -1. -1.  1.
 -1.  1. -1. -1. -1. -1.  1.  1. -1.  1. -1.  1. -1. -1. -1.  1.  1.  1.
  1.  1. -1.  1.  1. -1.  1. -1.  1. -1. -1. -1. -1.  1. -1.  1. -1.  1.
  1.  1.  1.  1. -1.  1. -1.  1. -1. -1. -1. -1. -1. -1.  1. -1. -1. -1.
  1. -1.  1. -1. -1.  1. -1. -1. -1. -1.  1.  1.  1. -1. -1.  1.  1. -1.
 -1.  1.  1. -1. -1.  1. -1.  1. -1.  1. -1. -1.  1. -1. -1.  1.  1. -1.
 -1.  1. -1.  1.  1.  1. -1. -1. -1. -1. -1. -1. -1.  1. -1. -1. -1. -1.
 -1. -1.  1.  1.  1. -1. -1.  1.  1.  1. -1. -1.  1.  1. -1.  1.  1.  1.
 -1. -1.  1. -1.  1.  1.  1. -1.  1.  1. -1.  1.  1.  1.  1.  1. -1.  1.
 -1. -1. -1. -1.  1. -1.  1.  1. -1.  1. -1.  1. -1.  1. -1.  1.  1.  1.
 -1. -1.  1. -1.  1. -1. -1. -1.  1. -1. -1. -1. -1.  1.  1. -1.  1.  1.
  1.  1.  1. -1. -1.  1.  1.  1. -1.  1.  1. -1.  1.  1. -1. -1. -1.  1.
  1.  1. -1.  1.  1.  1. -1. -1.  1.  1. -1.  1.  1. -1. -1.  1.  1. -1.
 -1. -1.  1.  1.  1.  1.  1. -1.]
18.0
247.0
1601.0
[ 1. -1.  1. -1.  1. -1. -1. -1. -1.  1.  1. -1.  1.  1. -1. -1. -1. -1.
  1.  1. -1.  1.  1.  1. -1.  1.  1. -1.  1. -1. -1.  1. -1.  1.  1. -1.
  1. -1.  1.  1.  1. -1. -1. -1.  1. -1.  1. -1. -1.  1.  1.  1. -1. -1.
  1. -1.  1.  1. -1.  1. -1. -1. -1.  1. -1. -1.  1. -1.  1.  1.  1. -1.
  1. -1. -1.  1. -1.  1. -1.  1. -1. -1.  1. -1. -1.  1. -1. -1.  1.  1.
 -1.  1. -1. -1.  1.  1.  1. -1. -1. -1. -1.  1.  1. -1. -1.  1.  1. -1.
 -1. -1.  1. -1. -1. -1. -1. -1.  1. -1.  1.  1.  1.  1. -1. -1.  1. -1.
 -1. -1. -1.  1. -1.  1. -1. -1.  1. -1.  1.  1. -1.  1. -1.  1.  1. -1.
  1.  1.  1.  1.  1. -1. -1.  1.  1.  1.  1. -1.  1.  1.  1.  1.  1. -1.
 -1.  1.  1.  1. -1.  1. -1. -1.  1.  1.  1.  1. -1. -1. -1. -1. -1. -1.
 -1. -1. -1.  1.  1.  1.  1. -1. -1.  1.  1. -1.  1.  1. -1.  1.  1. -1.
  1. -1.  1.  1.  1.  1. -1.  1. -1.  1. -1.  1.  1. -1.  1. -1. -1.  1.
  1.  1.  1. -1.  1.  1.  1. -1. -1.  1.  1.  1. -1. -1.  1.  1. -1.  1.
 -1.  1.  1. -1.  1.  1. -1.  1. -1. -1. -1.  1. -1.  1. -1.  1. -1. -1.
 -1.  1.  1. -1.  1. -1. -1. -1. -1.  1.  1.  1.  1.  1.  1.  1. -1. -1.
 -1.  1.  1. -1.  1. -1. -1.  1. -1. -1. -1. -1. -1. -1.  1. -1.  1.  1.
 -1.  1. -1. -1. -1.  1. -1. -1.  1.  1. -1. -1. -1.  1.  1.  1. -1. -1.
  1.  1.  1.  1.  1. -1. -1. -1. -1. -1.  1. -1. -1. -1.  1. -1. -1.  1.
 -1.  1.  1.  1.  1.  1.  1. -1.  1.  1.  1. -1. -1.  1. -1.  1.  1.  1.
 -1.  1.  1.  1. -1.  1.  1.  1. -1.  1.  1.  1.  1.  1.  1.  1.  1. -1.
 -1. -1.  1.  1. -1.  1. -1. -1.  1.  1.  1. -1.  1. -1. -1. -1.  1. -1.
  1. -1.  1.  1. -1.  1. -1. -1. -1.  1. -1.  1. -1.  1. -1. -1.  1. -1.
 -1.  1.  1. -1. -1. -1. -1.  1. -1. -1. -1.  1. -1.  1. -1. -1.  1.  1.
  1. -1.  1. -1.  1.  1.  1.  1. -1.  1.  1.  1.  1. -1. -1.  1. -1. -1.
 -1.  1. -1. -1. -1. -1. -1. -1. -1. -1.  1.  1. -1.  1. -1. -1. -1.  1.
  1.  1.  1. -1.  1.  1.  1. -1. -1.  1. -1.  1. -1. -1. -1. -1.  1. -1.
 -1. -1.  1.  1. -1.  1. -1.  1. -1.  1.  1.  1.  1.  1. -1. -1.  1. -1.
  1.  1. -1. -1. -1.  1. -1. -1.  1.  1.  1.  1.  1. -1. -1. -1. -1.  1.
 -1.  1. -1.  1.  1. -1. -1.  1.]
8.0
252.0
1652.0
[-1.  1.  1. -1. -1.  1. -1.  1. -1.  1.  1. -1.  1.  1. -1.  1. -1. -1.
  1. -1. -1.  1.  1.  1.  1.  1. -1.  1.  1. -1. -1. -1.  1. -1.  1.  1.
  1. -1. -1.  1.  1. -1. -1. -1.  1. -1. -1.  1. -1.  1.  1.  1.  1. -1.
  1.  1.  1.  1. -1.  1.  1. -1.  1. -1.  1. -1.  1. -1.  1. -1.  1. -1.
  1. -1. -1. -1. -1. -1. -1.  1. -1. -1. -1. -1. -1.  1. -1. -1.  1. -1.
 -1.  1.  1.  1. -1. -1.  1. -1.  1.  1. -1.  1.  1. -1. -1.  1.  1.  1.
 -1. -1. -1. -1.  1. -1.  1. -1.  1. -1.  1.  1. -1.  1.  1. -1. -1.  1.
 -1. -1. -1. -1.  1.  1. -1.  1. -1. -1.  1.  1. -1.  1. -1.  1. -1.  1.
  1.  1. -1.  1. -1.  1. -1.  1.  1. -1.  1.  1.  1. -1.  1. -1.  1. -1.
 -1.  1.  1.  1. -1.  1. -1.  1.  1.  1.  1.  1.  1. -1. -1.  1. -1.  1.
 -1.  1. -1.  1.  1.  1. -1. -1. -1.  1.  1. -1. -1.  1. -1.  1. -1.  1.
  1. -1.  1.  1.  1.  1.  1. -1. -1.  1. -1.  1.  1. -1.  1. -1. -1.  1.
  1.  1. -1. -1.  1. -1.  1. -1.  1. -1.  1.  1. -1.  1. -1.  1. -1.  1.
 -1. -1.  1. -1. -1. -1. -1.  1. -1.  1. -1.  1. -1. -1. -1.  1. -1. -1.
  1. -1. -1.  1.  1. -1.  1.  1. -1.  1.  1.  1.  1.  1.  1.  1. -1. -1.
 -1.  1.  1.  1.  1. -1. -1. -1. -1. -1.  1. -1. -1. -1. -1. -1. -1.  1.
 -1.  1. -1.  1. -1.  1. -1.  1. -1.  1. -1.  1. -1. -1. -1.  1. -1. -1.
 -1. -1. -1. -1.  1. -1. -1. -1. -1. -1. -1. -1.  1. -1. -1. -1. -1.  1.
  1.  1.  1.  1. -1.  1.  1. -1. -1. -1.  1. -1. -1.  1.  1. -1.  1.  1.
 -1. -1.  1.  1. -1.  1. -1. -1. -1.  1. -1.  1.  1.  1. -1.  1. -1. -1.
  1. -1.  1.  1.  1.  1. -1.  1.  1.  1. -1.  1.  1. -1. -1. -1. -1. -1.
  1. -1.  1. -1.  1. -1.  1. -1. -1. -1. -1.  1. -1.  1. -1. -1. -1.  1.
 -1.  1.  1. -1. -1. -1. -1.  1.  1.  1. -1.  1. -1.  1. -1. -1.  1.  1.
 -1. -1. -1. -1.  1.  1.  1. -1. -1. -1. -1.  1.  1. -1.  1.  1.  1. -1.
 -1.  1. -1. -1. -1. -1.  1. -1. -1. -1.  1.  1.  1.  1. -1.  1.  1.  1.
 -1.  1.  1. -1. -1. -1. -1.  1.  1. -1. -1. -1.  1.  1. -1. -1.  1.  1.
 -1.  1.  1.  1. -1.  1.  1.  1. -1.  1.  1. -1.  1.  1. -1.  1. -1.  1.
  1.  1. -1. -1. -1.  1.  1. -1.  1.  1.  1.  1.  1. -1. -1.  1.  1.  1.
 -1.  1. -1.  1. -1. -1. -1.  1.]
-4.0
258.0
1644.0
[ 1. -1. -1.  1.  1. -1. -1.  1.  1. -1. -1.  1. -1. -1.  1. -1. -1.  1.
  1.  1. -1.  1. -1. -1. -1. -1. -1.  1. -1.  1. -1.  1. -1.  1. -1.  1.
 -1.  1.  1. -1. -1.  1. -1. -1. -1.  1.  1.  1. -1. -1. -1. -1. -1.  1.
 -1.  1. -1. -1. -1.  1. -1.  1. -1.  1. -1.  1.  1.  1.  1. -1. -1.  1.
  1.  1.  1. -1.  1.  1.  1. -1. -1.  1.  1.  1. -1. -1. -1.  1. -1.  1.
 -1. -1. -1. -1.  1. -1.  1.  1. -1. -1.  1. -1. -1. -1. -1. -1.  1.  1.
  1.  1.  1.  1. -1.  1.  1. -1. -1.  1. -1. -1.  1. -1. -1. -1.  1. -1.
  1. -1.  1. -1.  1.  1. -1. -1.  1.  1. -1.  1.  1.  1.  1.  1.  1. -1.
 -1. -1.  1. -1.  1.  1. -1. -1. -1.  1. -1.  1. -1.  1. -1.  1.  1.  1.
  1. -1.  1.  1. -1.  1. -1. -1. -1.  1. -1.  1. -1. -1.  1.  1.  1. -1.
  1. -1. -1. -1. -1.  1. -1. -1. -1. -1.  1. -1. -1.  1.  1. -1.  1. -1.
 -1.  1. -1. -1. -1. -1. -1.  1.  1.  1. -1.  1.  1.  1. -1. -1.  1. -1.
  1. -1.  1. -1. -1.  1. -1.  1. -1.  1.  1. -1. -1. -1.  1. -1.  1. -1.
  1. -1. -1.  1.  1.  1.  1. -1.  1. -1.  1. -1.  1.  1. -1. -1.  1.  1.
 -1.  1.  1.  1. -1.  1. -1.  1. -1. -1. -1. -1.  1. -1. -1. -1. -1. -1.
  1. -1.  1. -1.  1.  1.  1. -1.  1. -1. -1.  1. -1.  1. -1.  1.  1. -1.
  1.  1.  1.  1. -1.  1. -1. -1.  1. -1.  1.  1. -1.  1.  1. -1. -1.  1.
 -1. -1.  1.  1.  1. -1. -1.  1. -1.  1.  1.  1. -1.  1.  1. -1. -1. -1.
 -1. -1. -1. -1.  1. -1.  1. -1.  1. -1. -1.  1.  1.  1. -1.  1.  1.  1.
  1.  1. -1.  1.  1. -1.  1.  1. -1.  1.  1. -1.  1. -1.  1. -1.  1.  1.
  1. -1. -1. -1. -1. -1.  1. -1. -1. -1.  1. -1.  1. -1.  1. -1.  1.  1.
  1. -1.  1. -1. -1.  1. -1.  1. -1.  1.  1. -1.  1. -1.  1. -1.  1. -1.
  1.  1. -1.  1.  1.  1. -1.  1.  1. -1.  1.  1. -1. -1.  1. -1.  1. -1.
  1.  1. -1.  1. -1. -1. -1.  1. -1.  1.  1. -1. -1. -1. -1.  1. -1. -1.
  1.  1.  1.  1. -1.  1.  1. -1.  1. -1.  1. -1.  1.  1. -1. -1. -1. -1.
  1. -1.  1.  1.  1.  1.  1.  1. -1.  1.  1. -1.  1. -1. -1.  1. -1. -1.
 -1. -1. -1.  1.  1.  1. -1. -1.  1. -1.  1. -1. -1.  1.  1. -1.  1. -1.
  1.  1.  1. -1. -1. -1. -1.  1. -1.  1.  1. -1. -1. -1. -1. -1. -1.  1.
  1.  1. -1. -1.  1. -1.  1.  1.]
-6.0
259.0
1595.0
[ 1. -1. -1.  1.  1. -1. -1.  1.  1. -1. -1.  1. -1. -1.  1. -1.  1.  1.
  1. -1. -1.  1. -1.  1. -1. -1. -1.  1.  1.  1. -1.  1. -1.  1. -1.  1.
 -1. -1.  1. -1. -1.  1. -1. -1. -1. -1.  1. -1. -1. -1. -1. -1. -1.  1.
 -1.  1. -1. -1. -1.  1. -1. -1. -1.  1.  1. -1.  1.  1.  1.  1. -1.  1.
  1.  1.  1.  1.  1. -1.  1.  1. -1. -1.  1. -1. -1. -1. -1.  1. -1. -1.
  1.  1. -1. -1.  1. -1. -1.  1. -1. -1. -1. -1. -1. -1.  1. -1. -1.  1.
  1. -1.  1.  1. -1.  1.  1.  1.  1.  1. -1. -1.  1. -1.  1.  1.  1. -1.
 -1.  1. -1. -1.  1.  1.  1.  1. -1.  1. -1. -1.  1. -1.  1.  1.  1. -1.
  1. -1.  1. -1. -1.  1. -1.  1. -1.  1. -1.  1. -1.  1. -1. -1.  1. -1.
  1. -1. -1.  1. -1.  1. -1. -1. -1. -1.  1. -1.  1. -1. -1.  1.  1. -1.
 -1. -1.  1.  1. -1.  1. -1. -1. -1.  1.  1. -1. -1.  1.  1. -1.  1.  1.
  1.  1.  1. -1. -1. -1. -1.  1.  1.  1. -1. -1.  1. -1. -1. -1.  1. -1.
  1. -1.  1. -1.  1.  1. -1.  1. -1.  1.  1. -1.  1. -1.  1. -1. -1.  1.
  1.  1. -1.  1.  1.  1.  1. -1.  1. -1.  1. -1.  1.  1. -1. -1.  1. -1.
 -1.  1.  1.  1.  1.  1. -1.  1. -1. -1.  1. -1.  1. -1. -1.  1. -1.  1.
  1. -1.  1. -1. -1.  1.  1. -1.  1.  1. -1.  1. -1.  1. -1.  1. -1. -1.
  1.  1. -1.  1.  1.  1. -1. -1.  1. -1.  1.  1. -1.  1.  1.  1. -1. -1.
 -1. -1.  1.  1. -1.  1. -1. -1. -1.  1.  1.  1.  1.  1.  1. -1.  1. -1.
 -1. -1. -1. -1.  1. -1. -1. -1. -1. -1. -1.  1. -1.  1. -1.  1.  1. -1.
  1.  1. -1. -1.  1.  1.  1. -1. -1. -1.  1. -1. -1. -1.  1. -1. -1. -1.
  1. -1. -1. -1. -1. -1.  1.  1. -1.  1.  1. -1.  1. -1.  1. -1.  1. -1.
 -1. -1. -1. -1. -1.  1. -1.  1. -1.  1.  1. -1.  1. -1.  1. -1.  1. -1.
  1.  1. -1.  1.  1.  1. -1.  1. -1. -1. -1. -1.  1.  1.  1.  1.  1. -1.
  1.  1. -1.  1. -1. -1. -1.  1. -1.  1.  1. -1. -1. -1. -1.  1.  1. -1.
  1.  1.  1. -1.  1.  1.  1.  1.  1. -1.  1. -1.  1.  1. -1. -1. -1. -1.
 -1.  1.  1.  1. -1.  1.  1.  1. -1.  1.  1. -1.  1. -1.  1.  1. -1. -1.
 -1. -1.  1.  1.  1.  1. -1. -1.  1. -1.  1. -1. -1.  1. -1. -1.  1. -1.
  1.  1. -1. -1.  1.  1. -1.  1. -1.  1. -1.  1. -1. -1. -1. -1. -1.  1.
  1.  1.  1. -1.  1.  1. -1.  1.]
-10.0
261.0
1637.0
[-1.  1.  1.  1. -1. -1.  1. -1. -1.  1.  1. -1.  1.  1. -1.  1.  1. -1.
 -1.  1.  1. -1.  1. -1.  1.  1.  1. -1. -1. -1.  1. -1.  1. -1.  1. -1.
  1. -1. -1.  1.  1.  1.  1.  1.  1. -1.  1.  1. -1.  1.  1. -1.  1. -1.
  1. -1.  1.  1.  1. -1.  1. -1.  1. -1. -1. -1.  1. -1.  1. -1.  1.  1.
  1.  1. -1.  1. -1.  1. -1.  1. -1. -1. -1.  1.  1.  1.  1.  1. -1.  1.
 -1.  1. -1.  1. -1.  1. -1. -1.  1. -1.  1.  1.  1.  1. -1.  1. -1. -1.
  1. -1. -1. -1.  1. -1. -1.  1. -1.  1. -1.  1.  1. -1.  1. -1. -1.  1.
  1.  1. -1.  1. -1. -1. -1. -1.  1. -1.  1.  1.  1. -1. -1.  1. -1.  1.
  1.  1. -1.  1.  1. -1. -1.  1. -1.  1.  1. -1.  1.  1. -1. -1.  1. -1.
 -1.  1. -1. -1.  1.  1. -1. -1.  1.  1. -1.  1. -1. -1. -1.  1. -1.  1.
  1. -1. -1.  1.  1. -1.  1.  1.  1. -1. -1.  1.  1.  1. -1.  1. -1. -1.
 -1. -1. -1.  1.  1.  1.  1. -1. -1. -1.  1.  1.  1. -1.  1. -1.  1.  1.
  1.  1. -1.  1. -1.  1.  1. -1.  1. -1. -1.  1. -1. -1. -1. -1.  1.  1.
 -1.  1.  1. -1.  1. -1. -1.  1. -1. -1. -1.  1.  1.  1. -1.  1. -1. -1.
 -1. -1. -1. -1. -1. -1.  1. -1.  1.  1.  1.  1. -1.  1. -1. -1.  1.  1.
 -1.  1. -1. -1.  1. -1. -1.  1. -1. -1.  1. -1.  1. -1.  1. -1. -1.  1.
 -1. -1.  1. -1.  1. -1. -1.  1.  1.  1. -1.  1.  1.  1. -1.  1.  1.  1.
  1.  1. -1. -1.  1. -1. -1. -1.  1. -1. -1. -1. -1. -1.  1. -1. -1.  1.
 -1.  1.  1.  1. -1.  1. -1.  1.  1.  1. -1. -1. -1. -1. -1. -1. -1.  1.
 -1. -1.  1. -1. -1.  1.  1.  1.  1.  1.  1.  1.  1.  1. -1.  1.  1.  1.
 -1.  1.  1. -1.  1.  1. -1. -1. -1. -1.  1. -1. -1.  1. -1. -1. -1. -1.
 -1.  1. -1.  1.  1.  1.  1. -1. -1. -1. -1.  1. -1.  1. -1.  1.  1. -1.
  1. -1.  1. -1.  1. -1.  1. -1.  1.  1.  1.  1. -1. -1.  1.  1. -1.  1.
 -1. -1.  1.  1. -1. -1.  1. -1.  1.  1.  1.  1. -1.  1. -1. -1.  1.  1.
 -1.  1. -1.  1. -1.  1.  1.  1. -1.  1. -1.  1.  1. -1. -1.  1.  1.  1.
 -1. -1.  1. -1.  1. -1. -1. -1.  1. -1.  1.  1. -1. -1.  1. -1.  1. -1.
  1. -1.  1. -1. -1.  1. -1.  1. -1.  1. -1.  1.  1. -1. -1. -1. -1.  1.
 -1.  1. -1.  1. -1.  1.  1. -1.  1. -1.  1. -1.  1.  1.  1. -1. -1.  1.
 -1. -1. -1.  1. -1. -1.  1.  1.]
10.0
251.0
1633.0
[ 1. -1. -1.  1. -1. -1. -1.  1.  1.  1.  1.  1. -1.  1. -1. -1.  1. -1.
 -1. -1.  1. -1.  1. -1.  1. -1.  1. -1.  1. -1.  1. -1. -1.  1.  1. -1.
  1. -1.  1. -1.  1. -1.  1.  1. -1.  1.  1.  1. -1. -1. -1.  1.  1. -1.
 -1.  1.  1.  1. -1. -1. -1. -1.  1.  1. -1. -1. -1.  1. -1.  1. -1.  1.
  1.  1. -1.  1. -1. -1. -1. -1.  1. -1.  1. -1. -1. -1.  1.  1. -1. -1.
  1.  1. -1.  1. -1.  1. -1.  1.  1. -1. -1. -1. -1.  1. -1.  1. -1.  1.
  1. -1. -1.  1. -1.  1. -1.  1.  1.  1. -1. -1.  1. -1.  1.  1.  1. -1.
  1.  1.  1.  1. -1. -1.  1. -1.  1.  1. -1.  1.  1. -1. -1. -1. -1. -1.
  1.  1. -1. -1.  1. -1. -1.  1. -1.  1. -1. -1.  1.  1. -1. -1.  1. -1.
  1.  1. -1. -1.  1. -1.  1. -1.  1. -1.  1. -1. -1. -1. -1.  1.  1. -1.
 -1.  1.  1.  1. -1.  1. -1.  1. -1.  1.  1.  1. -1.  1. -1.  1. -1.  1.
  1. -1.  1.  1.  1. -1. -1. -1. -1. -1. -1. -1. -1. -1.  1. -1.  1. -1.
 -1.  1.  1.  1.  1.  1. -1. -1. -1.  1.  1. -1.  1. -1. -1. -1.  1.  1.
 -1.  1.  1. -1.  1.  1. -1.  1. -1. -1. -1.  1. -1.  1.  1.  1.  1.  1.
 -1.  1.  1. -1.  1. -1. -1. -1.  1. -1.  1. -1. -1.  1. -1.  1.  1.  1.
 -1. -1. -1. -1. -1.  1.  1.  1. -1.  1.  1.  1. -1. -1.  1. -1. -1.  1.
  1.  1.  1. -1.  1. -1.  1. -1. -1.  1. -1.  1. -1.  1.  1. -1. -1. -1.
  1.  1. -1.  1. -1.  1. -1. -1.  1.  1.  1.  1. -1.  1.  1. -1.  1. -1.
  1.  1. -1.  1. -1. -1. -1.  1. -1.  1.  1.  1. -1. -1.  1.  1. -1.  1.
  1.  1. -1. -1.  1. -1.  1. -1. -1. -1.  1. -1. -1. -1.  1. -1.  1. -1.
 -1.  1.  1. -1. -1.  1.  1. -1.  1. -1.  1. -1. -1.  1.  1.  1.  1. -1.
 -1.  1. -1.  1. -1.  1. -1. -1.  1. -1. -1. -1.  1. -1. -1.  1. -1. -1.
 -1. -1. -1.  1.  1.  1. -1.  1. -1.  1. -1. -1.  1.  1. -1.  1.  1.  1.
  1.  1.  1.  1. -1. -1. -1.  1.  1.  1. -1. -1. -1.  1. -1.  1.  1. -1.
 -1. -1.  1.  1. -1.  1. -1.  1. -1. -1. -1.  1. -1.  1. -1.  1.  1. -1.
 -1.  1.  1. -1. -1. -1.  1.  1.  1.  1.  1.  1. -1. -1. -1. -1.  1. -1.
  1. -1.  1.  1. -1. -1.  1. -1.  1. -1.  1.  1. -1.  1. -1. -1. -1.  1.
 -1.  1.  1. -1.  1.  1.  1. -1. -1. -1. -1.  1. -1. -1.  1. -1. -1. -1.
  1. -1. -1. -1.  1.  1. -1.  1.]
-10.0
261.0
1605.0
mean:1626.7 max_cut_gw:1666.0 time:110.3288
