[-1. -1. -1. -1.  1. -1.  1. -1.  1.  1. -1.  1.  1.  1. -1. -1. -1.  1.
  1. -1. -1. -1.  1.  1. -1.  1. -1.  1.  1. -1.  1. -1.]
-2.0
17.0
99.0
[-1.  1.  1. -1. -1. -1.  1. -1.  1. -1.  1.  1.  1. -1. -1. -1.  1. -1.
  1.  1. -1. -1.  1.  1. -1.  1.  1.  1.  1.  1.  1. -1.]
4.0
14.0
96.0
[-1.  1. -1. -1. -1.  1.  1.  1. -1. -1.  1. -1.  1. -1.  1.  1.  1. -1.
 -1. -1. -1.  1. -1. -1.  1.  1.  1. -1.  1.  1. -1.  1.]
0.0
16.0
96.0
[ 1. -1. -1.  1.  1. -1.  1. -1. -1.  1. -1. -1.  1.  1.  1.  1. -1.  1.
  1. -1. -1.  1. -1. -1. -1. -1. -1. -1.  1. -1.  1. -1.]
-4.0
18.0
96.0
[-1. -1.  1. -1. -1. -1. -1. -1.  1.  1. -1.  1. -1.  1. -1. -1.  1.  1.
  1.  1.  1. -1.  1.  1. -1.  1. -1.  1. -1. -1.  1. -1.]
-2.0
17.0
103.0
[-1.  1.  1. -1. -1. -1.  1. -1.  1. -1.  1.  1.  1. -1. -1. -1.  1. -1.
  1.  1. -1. -1.  1.  1. -1.  1.  1.  1.  1.  1.  1. -1.]
4.0
14.0
96.0
[-1. -1.  1. -1. -1. -1.  1. -1.  1.  1. -1.  1. -1.  1. -1. -1.  1.  1.
  1.  1.  1. -1.  1.  1. -1.  1. -1.  1. -1.  1.  1. -1.]
2.0
15.0
101.0
[-1. -1.  1. -1.  1. -1.  1. -1.  1.  1. -1.  1. -1.  1. -1. -1. -1.  1.
  1.  1.  1. -1.  1.  1. -1.  1. -1.  1.  1.  1.  1. -1.]
4.0
14.0
98.0
[ 1.  1. -1.  1. -1.  1. -1.  1. -1. -1.  1. -1.  1. -1.  1.  1.  1. -1.
 -1. -1. -1.  1. -1. -1.  1.  1.  1. -1.  1.  1. -1.  1.]
2.0
15.0
101.0
[-1. -1.  1. -1.  1. -1.  1. -1.  1.  1. -1.  1.  1.  1. -1. -1. -1.  1.
  1.  1. -1. -1.  1.  1. -1.  1. -1.  1.  1.  1.  1. -1.]
4.0
14.0
98.0
mean:98.4 max_cut_gw:103.0 time:0.1355
