[ 1.  1.  1. ...  1.  1. -1.]
-4.0
514.0
3260.0
[ 1.  1.  1. ... -1.  1. -1.]
-18.0
521.0
3301.0
[-1. -1.  1. ...  1.  1.  1.]
12.0
506.0
3324.0
[ 1. -1.  1. ...  1.  1. -1.]
-4.0
514.0
3278.0
[ 1. -1. -1. ... -1. -1.  1.]
-20.0
522.0
3266.0
[ 1. -1.  1. ...  1.  1.  1.]
12.0
506.0
3324.0
[-1.  1. -1. ...  1. -1.  1.]
10.0
507.0
3295.0
[ 1.  1. -1. ... -1. -1.  1.]
-10.0
517.0
3259.0
[ 1.  1. -1. ... -1. -1. -1.]
10.0
507.0
3307.0
[-1.  1.  1. ... -1. -1. -1.]
0.0
512.0
3300.0
mean:3291.4 max_cut_gw:3324.0 time:1966.1637
