[-1.  1. -1. ...  1. -1. -1.]
-2.0
1025.0
6573.0
[-1. -1.  1. ...  1.  1.  1.]
-14.0
1031.0
6595.0
[-1. -1. -1. ... -1.  1.  1.]
2.0
1023.0
6581.0
[-1.  1.  1. ... -1.  1.  1.]
-40.0
1044.0
6576.0
[ 1.  1. -1. ... -1.  1. -1.]
-2.0
1025.0
6593.0
[ 1.  1. -1. ... -1.  1. -1.]
14.0
1017.0
6551.0
[-1.  1. -1. ...  1.  1. -1.]
4.0
1022.0
6582.0
[-1.  1. -1. ...  1.  1.  1.]
-4.0
1026.0
6552.0
[-1.  1. -1. ... -1. -1.  1.]
-10.0
1029.0
6583.0
[ 1.  1.  1. ... -1.  1. -1.]
22.0
1013.0
6623.0
mean:6580.9 max_cut_gw:6623.0 time:49234.7973
