[ 1.  1. -1. -1.  1. -1.  1. -1. -1.  1.  1. -1. -1.  1. -1.  1. -1.  1.
  1. -1. -1.  1. -1. -1.  1. -1. -1.  1. -1. -1. -1.  1. -1.  1.  1. -1.
  1. -1. -1.  1.  1. -1. -1.  1. -1.  1. -1.  1.  1.  1. -1.  1. -1.  1.
 -1. -1.  1.  1. -1. -1.  1. -1.  1.  1. -1.  1. -1.  1.  1.  1.  1. -1.
  1.  1.  1.  1.  1.  1.  1. -1. -1.  1.  1. -1.  1.  1.  1. -1.  1. -1.
  1. -1. -1.  1.  1. -1. -1.  1. -1. -1.  1. -1. -1. -1. -1.  1.  1.  1.
 -1. -1. -1.  1.  1. -1. -1.  1.  1.  1.  1. -1. -1.  1. -1.  1.  1.  1.
 -1. -1.  1. -1. -1. -1.  1. -1. -1.  1. -1.  1. -1. -1. -1.  1.  1. -1.
 -1. -1.  1.  1.  1.  1.  1. -1.  1. -1. -1.  1. -1. -1.  1. -1. -1.  1.
 -1.  1.  1. -1.  1.  1.  1. -1.  1. -1.  1. -1.  1. -1.  1. -1. -1. -1.
 -1.  1. -1.  1.  1.  1. -1. -1.  1. -1. -1. -1.  1. -1. -1.  1.  1. -1.
  1. -1.  1.  1. -1.  1.  1.  1. -1.  1.  1.  1. -1.  1. -1.  1. -1. -1.
 -1. -1.  1.  1.  1. -1. -1. -1.  1. -1.  1. -1.  1.  1. -1.  1. -1. -1.
 -1.  1.  1. -1. -1.  1.  1.  1. -1.  1. -1. -1. -1. -1.  1.  1. -1.  1.
  1.  1. -1.  1.]
4.0
126.0
816.0
[-1. -1.  1.  1. -1.  1. -1.  1.  1. -1. -1.  1. -1. -1.  1. -1.  1. -1.
 -1.  1.  1. -1.  1.  1. -1. -1.  1.  1.  1. -1.  1. -1.  1.  1. -1.  1.
 -1.  1.  1. -1.  1.  1. -1.  1.  1. -1. -1.  1. -1. -1. -1. -1.  1. -1.
  1.  1. -1. -1.  1.  1. -1.  1. -1.  1.  1. -1.  1. -1. -1. -1.  1.  1.
 -1. -1. -1. -1. -1. -1. -1.  1.  1.  1. -1.  1. -1.  1. -1.  1.  1. -1.
 -1.  1.  1.  1. -1. -1.  1.  1.  1.  1. -1.  1. -1.  1.  1. -1. -1.  1.
  1. -1.  1. -1.  1. -1.  1. -1.  1. -1. -1.  1.  1. -1.  1.  1. -1.  1.
  1.  1. -1.  1.  1. -1. -1.  1.  1. -1.  1. -1.  1.  1.  1. -1. -1. -1.
  1.  1. -1. -1. -1. -1. -1.  1. -1.  1.  1. -1. -1. -1. -1. -1.  1.  1.
  1.  1. -1.  1. -1. -1. -1.  1. -1.  1. -1.  1. -1.  1. -1. -1.  1. -1.
 -1.  1.  1. -1. -1. -1. -1.  1.  1.  1.  1.  1. -1.  1.  1. -1.  1.  1.
 -1.  1. -1. -1.  1. -1. -1. -1. -1.  1.  1. -1.  1. -1.  1. -1. -1.  1.
 -1.  1. -1.  1.  1.  1. -1.  1.  1.  1.  1. -1. -1. -1.  1. -1. -1.  1.
  1. -1. -1.  1.  1.  1. -1. -1.  1. -1.  1. -1.  1.  1. -1. -1. -1.  1.
 -1. -1. -1. -1.]
-2.0
129.0
829.0
[ 1. -1.  1. -1.  1. -1.  1. -1.  1. -1.  1.  1. -1. -1.  1.  1.  1. -1.
  1. -1. -1.  1. -1. -1.  1. -1. -1. -1.  1.  1. -1.  1. -1.  1. -1.  1.
  1.  1. -1. -1. -1. -1.  1.  1. -1. -1.  1. -1. -1.  1. -1. -1. -1.  1.
 -1.  1.  1. -1.  1. -1.  1. -1. -1.  1. -1.  1.  1. -1.  1.  1. -1.  1.
  1. -1.  1.  1. -1.  1.  1. -1.  1.  1.  1.  1.  1. -1.  1.  1.  1. -1.
 -1.  1.  1.  1.  1.  1.  1. -1. -1.  1.  1. -1.  1. -1. -1.  1.  1. -1.
  1. -1.  1.  1.  1. -1.  1. -1.  1. -1. -1.  1.  1. -1.  1. -1. -1.  1.
 -1. -1. -1.  1. -1.  1.  1. -1.  1. -1.  1. -1. -1.  1.  1. -1.  1. -1.
  1.  1. -1. -1.  1. -1. -1.  1. -1.  1.  1. -1. -1. -1. -1.  1.  1.  1.
  1. -1.  1.  1.  1.  1. -1. -1.  1. -1. -1.  1.  1. -1.  1. -1.  1.  1.
 -1.  1. -1. -1.  1.  1.  1.  1.  1.  1. -1.  1. -1. -1.  1. -1. -1.  1.
 -1.  1.  1.  1. -1. -1.  1. -1.  1.  1. -1.  1. -1.  1. -1. -1. -1. -1.
 -1.  1.  1. -1. -1. -1.  1.  1.  1.  1. -1. -1. -1.  1. -1. -1.  1. -1.
 -1.  1.  1. -1.  1. -1.  1. -1.  1.  1. -1.  1.  1.  1. -1.  1. -1.  1.
  1.  1. -1. -1.]
16.0
120.0
818.0
[ 1.  1.  1. -1.  1. -1.  1.  1. -1.  1. -1.  1.  1. -1. -1.  1. -1.  1.
 -1. -1. -1.  1. -1. -1. -1.  1. -1.  1. -1. -1. -1.  1. -1. -1.  1.  1.
 -1. -1.  1. -1.  1. -1. -1.  1.  1.  1. -1.  1.  1. -1. -1.  1. -1.  1.
  1. -1.  1.  1. -1. -1. -1. -1.  1. -1. -1. -1. -1.  1.  1. -1.  1. -1.
  1.  1.  1.  1.  1.  1.  1.  1. -1. -1. -1.  1. -1.  1. -1.  1. -1.  1.
  1. -1. -1. -1.  1. -1. -1.  1.  1. -1.  1.  1. -1.  1.  1. -1.  1.  1.
 -1. -1. -1. -1.  1.  1. -1.  1. -1. -1.  1. -1. -1.  1. -1.  1.  1. -1.
  1. -1.  1. -1.  1. -1.  1.  1. -1.  1. -1.  1. -1. -1. -1. -1.  1.  1.
 -1. -1.  1.  1. -1.  1.  1. -1.  1. -1. -1.  1. -1.  1.  1. -1. -1.  1.
 -1.  1.  1. -1. -1.  1.  1. -1.  1. -1.  1. -1.  1. -1. -1.  1. -1. -1.
  1. -1. -1.  1. -1. -1. -1. -1. -1. -1.  1.  1.  1. -1. -1.  1.  1. -1.
  1. -1.  1.  1.  1.  1. -1.  1. -1.  1.  1. -1. -1. -1. -1.  1. -1. -1.
  1. -1.  1.  1.  1.  1. -1. -1. -1. -1.  1.  1.  1.  1. -1.  1. -1.  1.
 -1. -1. -1.  1. -1. -1.  1.  1. -1. -1.  1. -1. -1. -1.  1. -1. -1. -1.
  1. -1.  1.  1.]
-10.0
133.0
821.0
[-1.  1. -1. -1.  1. -1.  1. -1.  1. -1.  1. -1.  1.  1. -1.  1. -1.  1.
  1. -1.  1.  1. -1.  1.  1.  1. -1. -1.  1. -1. -1.  1.  1. -1.  1. -1.
 -1. -1. -1.  1. -1. -1.  1. -1. -1.  1.  1. -1.  1. -1.  1.  1.  1. -1.
  1.  1.  1.  1. -1. -1.  1. -1. -1. -1.  1.  1. -1.  1. -1. -1. -1. -1.
  1.  1.  1.  1. -1.  1. -1.  1. -1. -1.  1. -1.  1. -1.  1. -1. -1.  1.
  1. -1. -1. -1. -1.  1. -1.  1. -1. -1.  1. -1.  1. -1. -1.  1.  1. -1.
 -1.  1. -1.  1. -1. -1. -1.  1. -1.  1.  1. -1. -1.  1. -1.  1.  1. -1.
 -1. -1.  1. -1. -1.  1.  1. -1.  1. -1. -1.  1. -1. -1. -1.  1. -1.  1.
  1. -1.  1.  1. -1. -1.  1. -1.  1. -1. -1.  1.  1.  1. -1. -1. -1.  1.
 -1. -1.  1.  1.  1. -1. -1. -1.  1. -1.  1. -1.  1. -1.  1.  1. -1.  1.
  1. -1. -1.  1.  1.  1.  1. -1. -1. -1. -1. -1.  1. -1. -1.  1.  1. -1.
  1. -1.  1.  1. -1. -1.  1. -1.  1. -1. -1. -1.  1.  1. -1.  1.  1.  1.
  1. -1.  1. -1. -1. -1.  1. -1. -1. -1.  1.  1.  1. -1.  1. -1.  1.  1.
 -1.  1.  1. -1. -1. -1. -1.  1. -1.  1.  1.  1. -1.  1.  1.  1.  1. -1.
  1.  1.  1.  1.]
-4.0
130.0
832.0
[ 1. -1.  1. -1. -1. -1. -1. -1.  1. -1.  1.  1. -1. -1. -1. -1.  1.  1.
 -1. -1.  1.  1. -1.  1. -1.  1.  1.  1.  1. -1. -1.  1.  1. -1. -1.  1.
 -1.  1.  1. -1.  1.  1. -1.  1.  1. -1. -1.  1. -1.  1.  1.  1. -1. -1.
  1. -1.  1. -1.  1. -1. -1. -1. -1.  1.  1. -1.  1.  1.  1. -1. -1. -1.
  1.  1.  1.  1.  1.  1. -1.  1.  1.  1.  1. -1. -1.  1. -1.  1.  1. -1.
  1. -1.  1.  1. -1.  1. -1.  1. -1. -1. -1.  1. -1.  1.  1. -1.  1.  1.
 -1.  1.  1. -1.  1. -1.  1. -1.  1. -1.  1. -1. -1. -1.  1. -1. -1.  1.
 -1.  1.  1. -1.  1. -1.  1.  1.  1. -1.  1.  1. -1. -1. -1. -1. -1. -1.
 -1. -1.  1.  1. -1.  1.  1. -1. -1. -1. -1.  1.  1. -1. -1. -1. -1.  1.
  1.  1. -1. -1.  1.  1. -1.  1. -1. -1.  1. -1.  1. -1. -1.  1. -1. -1.
  1. -1. -1.  1. -1.  1. -1.  1. -1.  1.  1. -1. -1. -1.  1. -1.  1. -1.
  1. -1.  1.  1.  1. -1. -1. -1. -1.  1.  1. -1. -1.  1.  1.  1. -1.  1.
  1. -1. -1. -1.  1. -1.  1. -1.  1.  1.  1. -1. -1.  1. -1. -1. -1.  1.
 -1. -1.  1. -1. -1. -1.  1.  1.  1. -1.  1. -1. -1.  1. -1.  1.  1. -1.
  1.  1.  1.  1.]
-2.0
129.0
815.0
[ 1. -1.  1.  1.  1. -1.  1. -1. -1.  1. -1.  1. -1. -1.  1.  1.  1. -1.
  1.  1. -1. -1. -1. -1. -1. -1.  1.  1. -1.  1.  1. -1. -1.  1. -1.  1.
  1. -1. -1. -1. -1.  1. -1.  1. -1.  1.  1. -1. -1.  1. -1. -1. -1.  1.
 -1. -1. -1. -1. -1. -1.  1. -1.  1. -1. -1.  1. -1. -1.  1. -1.  1.  1.
 -1. -1. -1. -1.  1. -1.  1.  1. -1. -1. -1.  1.  1. -1. -1. -1. -1. -1.
 -1.  1. -1.  1.  1. -1.  1. -1.  1.  1.  1. -1.  1. -1. -1. -1. -1. -1.
  1. -1. -1.  1.  1.  1.  1. -1. -1. -1. -1.  1.  1. -1.  1. -1.  1.  1.
  1. -1. -1.  1.  1.  1. -1.  1. -1.  1. -1. -1.  1.  1.  1.  1.  1. -1.
  1.  1. -1. -1.  1. -1. -1.  1. -1.  1.  1.  1. -1.  1.  1.  1.  1. -1.
 -1. -1.  1. -1.  1.  1.  1. -1. -1. -1. -1.  1. -1. -1. -1. -1.  1.  1.
 -1.  1.  1. -1.  1. -1.  1. -1.  1.  1. -1.  1.  1.  1.  1. -1. -1.  1.
 -1.  1. -1. -1.  1.  1. -1.  1.  1. -1. -1.  1. -1. -1. -1. -1. -1. -1.
 -1.  1.  1.  1. -1.  1. -1.  1.  1. -1. -1. -1. -1.  1. -1. -1.  1. -1.
  1. -1. -1.  1.  1.  1.  1. -1.  1.  1. -1.  1.  1. -1.  1. -1. -1.  1.
 -1. -1. -1. -1.]
-18.0
137.0
815.0
[-1. -1.  1.  1. -1.  1. -1.  1.  1. -1. -1.  1. -1. -1.  1. -1.  1. -1.
 -1.  1.  1. -1.  1.  1. -1.  1.  1.  1.  1. -1.  1. -1.  1. -1. -1.  1.
 -1.  1.  1.  1.  1.  1. -1.  1.  1. -1. -1.  1. -1. -1. -1. -1.  1. -1.
  1.  1. -1. -1.  1.  1. -1.  1. -1.  1.  1. -1.  1. -1.  1. -1. -1.  1.
 -1. -1. -1. -1. -1. -1. -1.  1. -1.  1.  1.  1. -1.  1. -1.  1.  1. -1.
  1.  1.  1.  1. -1. -1.  1.  1.  1.  1. -1.  1. -1.  1.  1. -1. -1.  1.
 -1. -1.  1. -1.  1. -1.  1. -1.  1. -1.  1.  1.  1. -1.  1.  1. -1.  1.
  1.  1. -1. -1.  1. -1.  1.  1.  1.  1.  1. -1.  1.  1.  1. -1. -1. -1.
 -1.  1. -1. -1. -1.  1. -1.  1. -1.  1.  1. -1.  1. -1. -1. -1.  1.  1.
  1.  1. -1.  1. -1. -1. -1.  1. -1.  1. -1. -1. -1.  1. -1. -1.  1. -1.
 -1.  1.  1. -1. -1. -1. -1.  1.  1.  1.  1. -1. -1.  1.  1. -1.  1.  1.
 -1.  1. -1. -1.  1. -1. -1. -1. -1.  1.  1. -1.  1. -1.  1. -1.  1.  1.
 -1.  1. -1. -1.  1.  1. -1. -1.  1. -1.  1. -1. -1. -1. -1.  1. -1.  1.
  1. -1. -1.  1.  1.  1.  1.  1.  1. -1.  1. -1.  1.  1. -1. -1.  1.  1.
 -1. -1. -1. -1.]
4.0
126.0
828.0
[ 1.  1. -1. -1.  1. -1.  1. -1. -1.  1. -1. -1.  1.  1.  1.  1. -1.  1.
  1. -1. -1.  1. -1. -1.  1. -1. -1. -1. -1.  1. -1.  1. -1.  1.  1. -1.
  1. -1. -1. -1. -1. -1. -1.  1. -1.  1.  1. -1.  1.  1. -1.  1. -1.  1.
 -1. -1.  1.  1. -1. -1.  1. -1.  1.  1. -1.  1. -1.  1.  1.  1.  1. -1.
  1.  1.  1.  1.  1.  1.  1. -1. -1. -1. -1.  1.  1. -1.  1. -1. -1.  1.
 -1. -1. -1. -1.  1. -1. -1. -1. -1. -1.  1. -1.  1. -1. -1.  1.  1. -1.
  1. -1. -1.  1.  1.  1. -1.  1. -1.  1. -1. -1. -1.  1. -1. -1.  1. -1.
  1. -1. -1.  1. -1.  1. -1. -1. -1.  1. -1.  1.  1.  1. -1.  1.  1.  1.
  1.  1. -1.  1.  1. -1. -1. -1. -1.  1. -1.  1. -1.  1.  1.  1.  1. -1.
 -1. -1.  1. -1.  1.  1.  1. -1.  1. -1.  1.  1.  1. -1.  1. -1.  1.  1.
 -1.  1. -1. -1.  1. -1.  1. -1.  1. -1. -1.  1.  1.  1. -1.  1. -1. -1.
  1. -1.  1.  1. -1.  1.  1.  1.  1. -1. -1.  1. -1.  1. -1.  1. -1. -1.
 -1. -1.  1.  1. -1.  1. -1.  1.  1. -1. -1.  1.  1.  1. -1.  1.  1. -1.
  1.  1.  1.  1. -1. -1. -1. -1. -1.  1. -1.  1.  1. -1.  1.  1. -1.  1.
  1.  1. -1.  1.]
6.0
125.0
819.0
[ 1. -1.  1. -1. -1.  1. -1.  1. -1.  1. -1.  1. -1. -1.  1. -1.  1. -1.
 -1.  1. -1. -1.  1. -1. -1. -1.  1.  1. -1.  1.  1. -1. -1.  1. -1.  1.
  1.  1.  1. -1. -1.  1. -1.  1.  1. -1. -1.  1.  1.  1. -1. -1. -1. -1.
 -1. -1. -1. -1.  1.  1. -1.  1. -1.  1.  1. -1.  1. -1.  1. -1.  1.  1.
 -1. -1. -1. -1.  1. -1.  1.  1.  1. -1. -1.  1. -1.  1. -1.  1.  1. -1.
  1.  1.  1.  1.  1. -1.  1.  1.  1.  1. -1.  1. -1.  1.  1. -1. -1.  1.
  1. -1.  1. -1.  1.  1.  1. -1.  1. -1. -1.  1.  1. -1. -1.  1. -1.  1.
  1.  1. -1.  1.  1. -1.  1.  1. -1.  1.  1. -1.  1.  1.  1. -1. -1. -1.
 -1.  1.  1. -1.  1. -1. -1.  1. -1.  1.  1.  1. -1. -1.  1. -1.  1.  1.
  1.  1. -1.  1.  1.  1.  1.  1. -1.  1.  1.  1. -1.  1. -1. -1. -1. -1.
 -1.  1.  1. -1. -1. -1. -1.  1.  1.  1.  1.  1.  1. -1.  1. -1.  1.  1.
 -1.  1. -1. -1.  1. -1. -1. -1. -1.  1.  1.  1.  1. -1.  1. -1. -1. -1.
 -1.  1. -1.  1.  1.  1. -1.  1.  1.  1.  1. -1. -1.  1. -1. -1. -1. -1.
  1. -1. -1.  1.  1.  1.  1. -1.  1. -1.  1. -1.  1. -1. -1.  1. -1.  1.
 -1. -1.  1. -1.]
14.0
121.0
823.0
mean:821.6 max_cut_gw:832.0 time:5.3272
