[-1.  1.  1. -1. -1. -1. -1.  1.]
-2.0
5.0
9.0
[-1.  1.  1. -1.  1. -1. -1.  1.]
0.0
4.0
10.0
[ 1.  1. -1.  1.  1. -1. -1.  1.]
2.0
3.0
9.0
[ 1. -1. -1. -1. -1.  1.  1. -1.]
-2.0
5.0
9.0
[-1.  1.  1.  1. -1. -1. -1.  1.]
0.0
4.0
10.0
[-1.  1.  1. -1.  1. -1.  1.  1.]
2.0
3.0
9.0
[ 1.  1. -1.  1.  1. -1. -1.  1.]
2.0
3.0
9.0
[ 1.  1. -1.  1. -1. -1. -1.  1.]
0.0
4.0
8.0
[-1.  1. -1.  1. -1. -1. -1.  1.]
-2.0
5.0
9.0
[-1. -1.  1. -1. -1.  1.  1. -1.]
-2.0
5.0
9.0
mean:9.1 max_cut_gw:10.0 time:0.1179
