[ 1.  1. -1.  1. -1.  1.  1. -1.  1.  1. -1.  1. -1. -1.  1. -1.]
2.0
7.0
43.0
[ 1. -1.  1.  1. -1. -1.  1. -1. -1. -1.  1. -1.  1.  1. -1.  1.]
0.0
8.0
44.0
[-1. -1.  1.  1.  1. -1. -1. -1. -1. -1.  1. -1.  1.  1. -1.  1.]
-2.0
9.0
45.0
[-1.  1. -1. -1.  1.  1. -1.  1. -1.  1.  1. -1. -1.  1.  1. -1.]
0.0
8.0
46.0
[ 1.  1. -1. -1. -1.  1. -1. -1.  1.  1.  1.  1. -1. -1.  1. -1.]
0.0
8.0
44.0
[-1.  1. -1. -1.  1. -1.  1.  1. -1.  1. -1.  1. -1. -1. -1.  1.]
-2.0
9.0
45.0
[ 1.  1.  1. -1. -1.  1. -1.  1. -1. -1.  1. -1. -1.  1.  1. -1.]
0.0
8.0
44.0
[ 1. -1. -1.  1. -1.  1. -1. -1.  1. -1.  1.  1. -1. -1.  1. -1.]
-2.0
9.0
45.0
[ 1.  1. -1. -1. -1.  1. -1.  1.  1.  1. -1.  1. -1. -1.  1. -1.]
0.0
8.0
46.0
[ 1. -1.  1.  1. -1.  1. -1. -1.  1. -1.  1.  1.  1.  1.  1. -1.]
4.0
6.0
42.0
mean:44.4 max_cut_gw:46.0 time:0.1241
