[-1. -1.  1.  1. -1. -1. -1. -1.  1.  1.  1. -1.  1.  1.  1. -1.  1. -1.
 -1.  1.  1. -1. -1. -1.  1.  1. -1. -1.  1.  1. -1.  1.  1.  1.  1. -1.
  1.  1.  1. -1.  1.  1. -1. -1.  1. -1.  1.  1. -1.  1.  1.  1. -1.  1.
 -1.  1. -1.  1. -1.  1. -1.  1.  1. -1. -1. -1. -1. -1.  1.  1. -1.  1.
  1.  1.  1.  1. -1. -1.  1. -1.  1. -1. -1. -1. -1. -1. -1.  1. -1. -1.
  1. -1.  1.  1.  1.  1. -1.  1. -1. -1.  1. -1.  1.  1. -1. -1.  1.  1.
 -1. -1.  1. -1.  1.  1. -1. -1. -1.  1. -1. -1. -1. -1.  1.  1.  1. -1.
 -1. -1.]
0.0
64.0
400.0
[-1.  1.  1. -1.  1.  1.  1.  1. -1. -1.  1.  1.  1. -1.  1. -1. -1.  1.
 -1.  1. -1. -1.  1.  1. -1. -1.  1.  1. -1. -1. -1.  1. -1. -1. -1.  1.
 -1.  1. -1.  1.  1. -1. -1. -1. -1.  1. -1.  1.  1.  1.  1.  1. -1. -1.
  1.  1.  1. -1.  1. -1.  1.  1.  1.  1.  1.  1.  1.  1. -1. -1.  1.  1.
 -1. -1.  1. -1. -1. -1. -1. -1. -1.  1.  1. -1. -1.  1. -1. -1.  1.  1.
 -1. -1.  1. -1.  1. -1. -1.  1. -1.  1. -1.  1. -1. -1.  1. -1. -1. -1.
  1.  1. -1.  1.  1. -1. -1.  1.  1. -1.  1.  1.  1.  1. -1. -1.  1.  1.
  1.  1.]
6.0
61.0
391.0
[ 1. -1. -1.  1.  1. -1. -1. -1.  1.  1. -1.  1. -1. -1.  1.  1.  1.  1.
  1. -1.  1.  1. -1. -1.  1.  1.  1. -1. -1.  1.  1.  1. -1.  1.  1. -1.
  1.  1. -1.  1. -1.  1.  1.  1. -1. -1. -1. -1.  1. -1.  1. -1.  1. -1.
 -1. -1.  1. -1.  1. -1. -1. -1. -1.  1. -1. -1.  1. -1.  1.  1. -1. -1.
  1.  1. -1.  1.  1. -1. -1.  1. -1.  1. -1.  1.  1.  1. -1. -1. -1.  1.
  1.  1.  1.  1. -1.  1.  1.  1.  1. -1. -1.  1.  1.  1. -1.  1. -1.  1.
 -1. -1.  1. -1. -1.  1.  1.  1.  1. -1. -1. -1.  1.  1.  1.  1. -1. -1.
  1. -1.]
10.0
59.0
399.0
[ 1.  1. -1. -1. -1.  1. -1.  1.  1. -1.  1. -1.  1.  1. -1.  1. -1. -1.
  1.  1. -1.  1. -1. -1.  1.  1. -1.  1.  1. -1. -1.  1.  1. -1. -1.  1.
 -1. -1.  1. -1.  1.  1.  1.  1.  1. -1.  1. -1. -1.  1. -1. -1.  1.  1.
 -1. -1. -1.  1. -1.  1.  1. -1.  1. -1. -1.  1. -1.  1.  1. -1. -1.  1.
  1.  1.  1. -1.  1.  1.  1.  1.  1. -1. -1.  1. -1. -1.  1.  1.  1. -1.
 -1.  1. -1. -1.  1. -1.  1. -1.  1. -1.  1. -1.  1. -1.  1. -1.  1.  1.
 -1.  1. -1. -1.  1. -1.  1. -1. -1.  1. -1. -1. -1. -1. -1.  1.  1. -1.
 -1.  1.]
2.0
63.0
413.0
[ 1. -1.  1. -1. -1.  1. -1. -1.  1.  1.  1. -1.  1. -1.  1. -1.  1.  1.
 -1. -1.  1. -1. -1.  1.  1.  1. -1. -1.  1. -1.  1. -1.  1.  1. -1. -1.
  1.  1. -1. -1.  1. -1. -1. -1.  1. -1. -1.  1.  1. -1.  1.  1. -1.  1.
 -1.  1. -1.  1. -1.  1. -1.  1.  1. -1. -1. -1. -1. -1. -1.  1. -1. -1.
  1.  1. -1.  1. -1. -1. -1. -1. -1.  1. -1.  1.  1.  1. -1.  1. -1. -1.
  1.  1.  1.  1.  1.  1. -1.  1.  1.  1.  1.  1.  1.  1. -1. -1.  1. -1.
 -1. -1.  1.  1. -1.  1. -1.  1.  1.  1. -1.  1. -1. -1.  1.  1. -1. -1.
 -1. -1.]
0.0
64.0
396.0
[-1.  1. -1. -1. -1.  1.  1.  1. -1. -1.  1. -1.  1.  1. -1.  1. -1. -1.
  1. -1. -1.  1.  1.  1. -1. -1. -1.  1. -1. -1. -1.  1. -1. -1.  1.  1.
 -1. -1.  1.  1. -1. -1. -1.  1. -1.  1.  1. -1. -1.  1. -1. -1. -1.  1.
  1.  1.  1. -1.  1.  1.  1. -1. -1.  1.  1.  1.  1.  1.  1. -1.  1.  1.
  1.  1.  1. -1.  1.  1. -1. -1.  1. -1.  1.  1. -1. -1.  1. -1.  1.  1.
 -1.  1. -1. -1.  1. -1.  1. -1. -1. -1.  1. -1. -1. -1.  1. -1.  1. -1.
 -1.  1. -1. -1.  1. -1. -1. -1. -1.  1.  1.  1. -1. -1. -1.  1.  1.  1.
 -1.  1.]
-2.0
65.0
407.0
[ 1.  1. -1.  1. -1.  1.  1.  1. -1. -1.  1. -1.  1. -1. -1.  1. -1. -1.
  1. -1. -1.  1. -1. -1. -1. -1.  1.  1. -1. -1. -1.  1. -1. -1.  1.  1.
 -1. -1. -1.  1. -1. -1.  1.  1. -1.  1.  1. -1.  1.  1. -1. -1.  1. -1.
  1. -1.  1. -1.  1. -1.  1. -1. -1.  1.  1.  1.  1.  1.  1. -1.  1.  1.
  1.  1. -1. -1.  1.  1. -1.  1.  1. -1.  1.  1. -1. -1.  1. -1.  1.  1.
 -1.  1. -1. -1. -1. -1.  1. -1.  1. -1. -1. -1. -1. -1.  1.  1. -1.  1.
  1.  1. -1. -1.  1. -1.  1. -1. -1.  1.  1.  1.  1.  1. -1. -1.  1.  1.
  1.  1.]
4.0
62.0
396.0
[ 1. -1. -1.  1. -1.  1.  1. -1.  1.  1.  1. -1.  1. -1.  1. -1.  1. -1.
 -1. -1.  1. -1.  1.  1. -1. -1. -1.  1. -1.  1. -1.  1. -1. -1.  1. -1.
  1. -1. -1.  1. -1. -1. -1.  1.  1. -1.  1. -1. -1.  1. -1. -1. -1.  1.
  1.  1.  1.  1.  1.  1. -1. -1.  1.  1. -1. -1.  1. -1.  1.  1. -1.  1.
  1.  1. -1.  1.  1. -1. -1. -1.  1.  1. -1.  1. -1. -1.  1.  1.  1. -1.
 -1.  1. -1. -1. -1. -1. -1. -1. -1. -1. -1. -1. -1.  1. -1.  1.  1. -1.
 -1.  1. -1. -1.  1. -1. -1. -1. -1.  1. -1.  1. -1. -1.  1.  1.  1. -1.
 -1.  1.]
-12.0
70.0
398.0
[ 1.  1. -1. -1.  1. -1.  1.  1. -1. -1. -1. -1. -1.  1. -1.  1. -1.  1.
  1.  1. -1.  1. -1. -1. -1. -1.  1. -1. -1. -1.  1. -1. -1. -1. -1. -1.
 -1. -1.  1.  1. -1.  1.  1. -1. -1.  1. -1. -1.  1. -1. -1. -1.  1. -1.
 -1. -1.  1. -1.  1. -1.  1. -1. -1.  1.  1.  1. -1.  1. -1. -1.  1. -1.
 -1. -1.  1. -1.  1.  1.  1.  1. -1. -1.  1.  1.  1.  1.  1. -1.  1.  1.
  1. -1. -1.  1. -1. -1.  1. -1.  1.  1.  1. -1. -1. -1.  1.  1. -1.  1.
  1.  1. -1. -1. -1.  1.  1. -1. -1. -1.  1. -1.  1.  1. -1. -1. -1.  1.
  1.  1.]
-10.0
69.0
399.0
[ 1. -1. -1. -1. -1.  1.  1.  1. -1. -1.  1. -1. -1. -1. -1.  1. -1. -1.
  1. -1.  1. -1.  1. -1. -1. -1.  1.  1.  1. -1.  1. -1.  1. -1. -1.  1.
 -1. -1.  1. -1.  1.  1.  1. -1. -1.  1. -1.  1. -1. -1. -1. -1.  1. -1.
 -1. -1. -1. -1. -1. -1.  1.  1. -1. -1.  1.  1. -1.  1. -1. -1.  1. -1.
  1. -1. -1. -1.  1.  1.  1.  1.  1. -1.  1.  1.  1.  1.  1.  1.  1. -1.
 -1.  1. -1. -1.  1. -1.  1. -1.  1.  1.  1.  1. -1. -1.  1.  1. -1. -1.
  1.  1. -1.  1. -1. -1.  1.  1. -1.  1.  1. -1. -1. -1.  1.  1. -1.  1.
  1.  1.]
-4.0
66.0
396.0
mean:399.5 max_cut_gw:413.0 time:0.5834
