[-1. -1.  1. ...  1. -1. -1.]
12.0
1018.0
6588.0
[ 1.  1. -1. ... -1.  1. -1.]
-18.0
1033.0
6563.0
[-1. -1. -1. ... -1.  1. -1.]
24.0
1012.0
6564.0
[-1.  1. -1. ...  1. -1.  1.]
-10.0
1029.0
6559.0
[-1. -1.  1. ... -1. -1. -1.]
-2.0
1025.0
6549.0
[-1.  1.  1. ...  1. -1. -1.]
-18.0
1033.0
6561.0
[-1. -1. -1. ...  1. -1.  1.]
-24.0
1036.0
6608.0
[ 1.  1.  1. ...  1. -1. -1.]
-18.0
1033.0
6543.0
[ 1.  1.  1. ...  1. -1. -1.]
-22.0
1035.0
6547.0
[ 1. -1.  1. ...  1.  1. -1.]
8.0
1020.0
6588.0
mean:6567.0 max_cut_gw:6608.0 time:49081.4697
