[-1. -1.  1. -1. -1. -1. -1. -1.  1.  1. -1.  1. -1.  1. -1. -1.  1.  1.
  1.  1.  1. -1.  1.  1. -1.  1. -1.  1. -1.  1. -1. -1.]
-2.0
17.0
101.0
[-1.  1. -1. -1. -1.  1. -1.  1. -1. -1.  1. -1.  1. -1.  1.  1.  1. -1.
 -1.  1. -1.  1. -1. -1.  1.  1.  1. -1.  1.  1. -1.  1.]
0.0
16.0
100.0
[-1.  1. -1. -1. -1. -1.  1. -1.  1. -1.  1.  1.  1. -1. -1. -1.  1. -1.
 -1.  1. -1. -1.  1.  1. -1.  1.  1.  1.  1.  1.  1. -1.]
0.0
16.0
96.0
[-1.  1. -1.  1.  1. -1.  1. -1. -1. -1.  1. -1.  1. -1.  1.  1. -1. -1.
 -1. -1. -1.  1. -1.  1. -1.  1.  1.  1.  1.  1.  1.  1.]
2.0
15.0
95.0
[-1.  1.  1. -1. -1. -1. -1. -1.  1. -1. -1.  1. -1.  1. -1. -1.  1. -1.
  1.  1.  1. -1.  1.  1.  1.  1.  1.  1. -1.  1. -1. -1.]
0.0
16.0
100.0
[-1.  1. -1.  1. -1. -1.  1. -1. -1. -1.  1. -1.  1. -1.  1.  1. -1. -1.
 -1. -1. -1.  1. -1.  1. -1.  1.  1. -1.  1.  1.  1.  1.]
-2.0
17.0
93.0
[ 1.  1. -1.  1.  1.  1.  1.  1. -1. -1.  1. -1.  1. -1.  1.  1. -1. -1.
 -1. -1. -1.  1. -1. -1.  1. -1.  1. -1.  1.  1.  1.  1.]
4.0
14.0
102.0
[ 1. -1. -1.  1.  1.  1.  1.  1. -1.  1.  1. -1.  1. -1.  1.  1. -1.  1.
 -1. -1.  1.  1. -1. -1.  1. -1. -1. -1.  1. -1.  1.  1.]
4.0
14.0
98.0
[ 1.  1. -1.  1.  1.  1.  1.  1. -1. -1.  1. -1.  1. -1.  1.  1. -1. -1.
 -1. -1. -1.  1. -1. -1.  1. -1.  1. -1.  1. -1. -1.  1.]
0.0
16.0
102.0
[ 1. -1. -1.  1.  1.  1. -1.  1. -1.  1. -1. -1. -1.  1.  1.  1. -1.  1.
  1. -1.  1.  1. -1. -1.  1. -1. -1. -1. -1. -1. -1. -1.]
-4.0
18.0
96.0
mean:98.3 max_cut_gw:98.3
[0m