[ 1. -1.  1.  1. -1. -1.  1. -1.  1.  1. -1.  1. -1.  1. -1. -1. -1. -1.
  1. -1. -1.  1. -1.  1. -1.  1.  1.  1.  1.  1.  1. -1.  1. -1. -1.  1.
  1. -1.  1.  1. -1. -1.  1. -1. -1. -1.  1.  1. -1. -1.  1.  1. -1. -1.
 -1.  1.  1. -1.  1.  1.  1. -1.  1.  1.]
4.0
30.0
198.0
[-1. -1. -1. -1.  1. -1.  1.  1. -1.  1.  1.  1.  1. -1. -1.  1.  1.  1.
  1. -1.  1. -1. -1. -1. -1. -1.  1. -1. -1.  1.  1.  1.  1. -1.  1.  1.
  1. -1. -1. -1.  1.  1. -1. -1.  1.  1. -1. -1.  1. -1.  1. -1.  1.  1.
 -1.  1.  1. -1.  1.  1. -1. -1. -1. -1.]
0.0
32.0
202.0
[-1. -1. -1. -1. -1. -1.  1.  1.  1.  1. -1.  1. -1.  1.  1.  1. -1. -1.
  1. -1. -1.  1. -1.  1. -1.  1.  1. -1. -1.  1.  1.  1. -1. -1.  1.  1.
  1. -1. -1.  1. -1.  1. -1. -1.  1.  1. -1. -1. -1. -1.  1. -1.  1.  1.
 -1.  1.  1. -1.  1.  1.  1. -1. -1.  1.]
0.0
32.0
202.0
[-1. -1. -1. -1. -1. -1. -1. -1.  1.  1. -1.  1. -1.  1.  1. -1. -1. -1.
  1.  1. -1.  1.  1.  1.  1.  1. -1. -1. -1.  1.  1.  1. -1.  1.  1.  1.
  1. -1. -1.  1.  1.  1. -1. -1.  1.  1. -1. -1. -1. -1.  1. -1. -1. -1.
 -1.  1.  1. -1.  1. -1.  1. -1. -1.  1.]
-4.0
34.0
196.0
[ 1.  1. -1.  1. -1.  1. -1. -1. -1. -1.  1. -1. -1.  1. -1. -1.  1.  1.
 -1.  1. -1. -1.  1. -1.  1. -1.  1.  1.  1. -1. -1. -1.  1.  1. -1. -1.
 -1.  1.  1.  1. -1. -1.  1.  1. -1. -1. -1.  1. -1.  1. -1.  1. -1. -1.
  1. -1. -1.  1. -1.  1. -1.  1.  1.  1.]
-4.0
34.0
204.0
[-1.  1. -1. -1. -1.  1. -1.  1.  1. -1. -1.  1.  1. -1.  1.  1.  1.  1.
 -1.  1. -1.  1.  1. -1.  1.  1. -1. -1. -1.  1.  1.  1. -1.  1.  1.  1.
  1. -1. -1. -1.  1.  1. -1.  1.  1.  1. -1. -1.  1. -1. -1. -1.  1. -1.
 -1.  1.  1. -1.  1. -1.  1.  1. -1.  1.]
6.0
29.0
197.0
[-1. -1.  1. -1.  1. -1. -1. -1.  1. -1. -1.  1.  1. -1.  1.  1. -1.  1.
  1.  1.  1.  1.  1. -1. -1.  1. -1. -1. -1.  1.  1.  1. -1.  1.  1.  1.
  1. -1. -1. -1.  1.  1. -1. -1.  1.  1.  1. -1.  1. -1. -1. -1.  1.  1.
 -1.  1.  1. -1.  1. -1.  1.  1. -1.  1.]
6.0
29.0
197.0
[ 1. -1.  1. -1.  1. -1.  1.  1. -1.  1.  1.  1. -1. -1. -1.  1. -1. -1.
  1. -1.  1. -1. -1.  1. -1. -1.  1.  1.  1.  1.  1. -1.  1. -1.  1.  1.
  1. -1.  1. -1. -1.  1. -1. -1. -1. -1. -1. -1.  1. -1.  1. -1.  1.  1.
 -1.  1.  1. -1.  1.  1. -1. -1.  1. -1.]
0.0
32.0
204.0
[-1. -1. -1. -1.  1. -1.  1.  1. -1.  1.  1.  1. -1. -1. -1.  1.  1.  1.
 -1. -1.  1.  1. -1. -1.  1.  1. -1.  1. -1.  1.  1.  1. -1. -1.  1.  1.
  1. -1. -1. -1.  1.  1. -1. -1.  1.  1. -1. -1.  1. -1. -1. -1.  1.  1.
 -1.  1.  1. -1. -1. -1. -1. -1. -1. -1.]
-6.0
35.0
201.0
[ 1.  1. -1.  1. -1. -1. -1.  1. -1.  1. -1. -1. -1.  1.  1. -1.  1. -1.
  1.  1. -1.  1. -1.  1.  1.  1.  1.  1. -1.  1.  1. -1.  1. -1.  1. -1.
 -1.  1. -1.  1.  1.  1.  1.  1. -1. -1. -1.  1. -1. -1. -1.  1. -1. -1.
  1. -1.  1.  1. -1.  1.  1.  1.  1.  1.]
8.0
28.0
194.0
mean:199.5 max_cut_gw:199.5
[0m