[-1. -1.  1. -1. -1.  1. -1.  1.  1. -1.  1. -1. -1. -1.  1. -1.  1. -1.
  1.  1. -1. -1.  1.  1.  1. -1.  1. -1.  1.  1.  1. -1.  1.  1. -1.  1.
  1.  1. -1. -1. -1.  1. -1. -1.  1.  1.  1.  1. -1.  1. -1. -1. -1. -1.
 -1. -1. -1. -1.  1.  1. -1.  1. -1.  1.  1. -1.  1. -1. -1.  1. -1.  1.
 -1. -1.  1. -1. -1. -1. -1. -1.  1. -1.  1. -1. -1. -1. -1.  1.  1. -1.
 -1.  1.  1.  1.  1. -1. -1.  1. -1.  1. -1. -1.  1.  1. -1.  1. -1.  1.
  1. -1.  1.  1.  1. -1. -1.  1.  1.  1. -1.  1.  1. -1. -1.  1. -1.  1.
 -1.  1. -1.  1.  1. -1. -1.  1.  1. -1.  1. -1.  1.  1.  1.  1. -1. -1.
  1.  1. -1.  1. -1. -1. -1.  1. -1.  1.  1.  1. -1. -1. -1. -1.  1.  1.
 -1. -1. -1.  1.  1.  1.  1.  1. -1.  1.  1.  1. -1.  1. -1.  1. -1.  1.
 -1.  1.  1. -1. -1. -1.  1.  1.  1.  1.  1.  1. -1. -1.  1. -1. -1.  1.
 -1.  1. -1. -1.  1. -1. -1. -1.  1.  1. -1. -1.  1. -1.  1. -1. -1. -1.
  1.  1. -1.  1. -1. -1.  1.  1. -1.  1.  1. -1. -1.  1.  1. -1. -1. -1.
 -1.  1.  1. -1.  1.  1. -1. -1.  1.  1. -1. -1.  1.  1. -1.  1.  1.  1.
 -1. -1.  1. -1.]
0.0
128.0
830.0
[-1.  1.  1. -1. -1.  1. -1.  1. -1.  1. -1. -1.  1.  1. -1.  1. -1.  1.
 -1.  1. -1. -1.  1. -1. -1.  1.  1. -1. -1.  1.  1. -1. -1. -1. -1. -1.
 -1. -1.  1. -1.  1. -1. -1.  1. -1.  1. -1.  1.  1. -1. -1.  1. -1.  1.
 -1. -1. -1.  1. -1.  1. -1.  1.  1.  1. -1. -1. -1.  1.  1.  1.  1. -1.
  1. -1.  1. -1.  1. -1.  1. -1.  1. -1. -1.  1. -1.  1. -1.  1. -1.  1.
  1. -1. -1.  1.  1.  1.  1. -1.  1. -1.  1.  1. -1.  1.  1. -1.  1.  1.
  1. -1. -1.  1.  1.  1. -1.  1. -1.  1.  1. -1. -1.  1. -1.  1.  1. -1.
  1.  1.  1. -1.  1. -1. -1.  1. -1.  1. -1.  1.  1. -1. -1.  1.  1.  1.
 -1. -1.  1.  1. -1.  1. -1. -1. -1.  1. -1.  1. -1.  1.  1. -1.  1. -1.
 -1.  1.  1. -1. -1.  1.  1.  1. -1.  1.  1. -1. -1.  1. -1.  1. -1. -1.
  1. -1.  1.  1. -1. -1. -1. -1.  1. -1.  1.  1.  1.  1. -1.  1.  1.  1.
  1. -1.  1. -1.  1.  1. -1.  1. -1.  1.  1. -1. -1. -1.  1.  1. -1. -1.
  1. -1. -1.  1.  1. -1. -1.  1. -1.  1. -1.  1. -1.  1.  1. -1. -1. -1.
 -1.  1. -1.  1. -1.  1. -1. -1. -1.  1. -1. -1. -1. -1.  1. -1. -1.  1.
  1. -1.  1.  1.]
0.0
128.0
814.0
[-1.  1. -1. -1. -1.  1. -1. -1. -1. -1. -1. -1.  1.  1. -1.  1. -1.  1.
 -1. -1.  1.  1. -1.  1. -1.  1. -1. -1.  1. -1. -1.  1.  1. -1.  1. -1.
 -1. -1.  1.  1.  1. -1.  1. -1. -1.  1. -1. -1. -1. -1.  1.  1.  1. -1.
  1.  1.  1.  1. -1. -1.  1.  1. -1. -1.  1.  1. -1.  1. -1. -1. -1. -1.
  1.  1.  1.  1. -1.  1. -1.  1. -1. -1.  1. -1. -1.  1.  1.  1. -1.  1.
  1. -1.  1. -1. -1.  1. -1.  1. -1. -1.  1.  1.  1.  1.  1. -1.  1. -1.
 -1.  1. -1.  1. -1.  1. -1.  1. -1.  1.  1. -1. -1.  1.  1. -1.  1. -1.
 -1.  1.  1. -1. -1.  1. -1. -1.  1. -1.  1.  1. -1. -1. -1.  1. -1.  1.
 -1. -1.  1.  1. -1.  1.  1. -1.  1. -1. -1. -1.  1.  1. -1. -1. -1.  1.
  1. -1. -1. -1. -1. -1. -1. -1.  1. -1. -1. -1.  1. -1.  1.  1. -1.  1.
  1. -1. -1.  1.  1.  1.  1. -1. -1. -1. -1. -1. -1. -1. -1.  1.  1. -1.
  1. -1.  1.  1. -1. -1.  1. -1. -1. -1. -1. -1.  1.  1.  1.  1.  1.  1.
  1. -1. -1. -1. -1. -1.  1. -1. -1.  1. -1.  1.  1. -1.  1. -1.  1.  1.
 -1.  1. -1. -1. -1. -1. -1.  1. -1. -1.  1.  1. -1.  1. -1. -1.  1. -1.
  1.  1.  1.  1.]
-20.0
138.0
820.0
[ 1. -1.  1. -1.  1. -1.  1. -1. -1. -1.  1. -1.  1. -1.  1.  1. -1. -1.
  1.  1. -1.  1. -1. -1.  1. -1. -1. -1. -1.  1. -1.  1. -1.  1.  1.  1.
  1. -1. -1. -1. -1.  1.  1. -1. -1.  1.  1. -1. -1.  1.  1.  1. -1.  1.
 -1. -1.  1.  1. -1. -1.  1. -1.  1. -1. -1.  1. -1.  1.  1. -1.  1.  1.
 -1.  1.  1.  1.  1.  1.  1.  1.  1. -1. -1.  1.  1. -1. -1. -1. -1. -1.
 -1.  1.  1. -1.  1. -1. -1. -1. -1. -1.  1. -1.  1.  1. -1.  1. -1. -1.
  1. -1. -1.  1. -1.  1.  1.  1. -1.  1. -1.  1. -1. -1. -1. -1. -1.  1.
  1. -1. -1.  1.  1.  1. -1. -1. -1. -1. -1. -1. -1.  1.  1.  1.  1. -1.
  1.  1. -1.  1.  1. -1.  1. -1.  1. -1. -1.  1. -1.  1.  1.  1. -1.  1.
 -1. -1.  1. -1.  1.  1.  1. -1. -1. -1.  1.  1.  1. -1.  1.  1. -1.  1.
 -1.  1. -1. -1.  1.  1.  1. -1.  1. -1. -1. -1.  1. -1. -1.  1. -1.  1.
 -1.  1. -1.  1. -1. -1. -1. -1.  1. -1. -1.  1. -1. -1. -1. -1. -1. -1.
  1.  1.  1.  1. -1.  1. -1.  1. -1.  1. -1. -1.  1.  1. -1. -1.  1. -1.
  1.  1.  1.  1.  1. -1.  1. -1. -1.  1.  1.  1.  1.  1.  1.  1. -1. -1.
  1. -1.  1.  1.]
-2.0
129.0
811.0
[-1.  1. -1.  1. -1.  1.  1.  1. -1.  1. -1. -1.  1.  1. -1. -1. -1.  1.
 -1. -1.  1. -1.  1. -1. -1.  1.  1. -1. -1. -1. -1.  1.  1. -1.  1. -1.
 -1. -1.  1. -1.  1. -1.  1. -1. -1.  1. -1. -1.  1. -1.  1.  1.  1.  1.
  1.  1.  1.  1. -1. -1.  1.  1.  1. -1.  1. -1. -1.  1.  1. -1.  1. -1.
  1. -1. -1. -1.  1.  1.  1.  1. -1. -1. -1.  1. -1.  1.  1.  1. -1.  1.
 -1. -1.  1. -1.  1.  1.  1. -1.  1. -1. -1.  1.  1. -1.  1. -1.  1. -1.
 -1.  1. -1.  1. -1.  1. -1.  1. -1.  1.  1. -1. -1.  1. -1.  1.  1. -1.
  1.  1.  1. -1. -1.  1. -1. -1. -1.  1.  1.  1.  1. -1. -1.  1.  1.  1.
 -1. -1.  1.  1. -1.  1.  1. -1.  1. -1. -1. -1.  1.  1.  1.  1.  1. -1.
 -1.  1. -1. -1. -1.  1. -1. -1.  1.  1. -1. -1.  1. -1. -1.  1.  1. -1.
  1. -1.  1.  1. -1. -1.  1. -1. -1. -1.  1.  1.  1.  1. -1.  1.  1. -1.
  1. -1.  1.  1.  1.  1. -1.  1. -1. -1.  1.  1.  1. -1.  1.  1.  1.  1.
  1. -1. -1. -1.  1.  1. -1.  1. -1. -1. -1.  1.  1. -1.  1.  1.  1.  1.
  1. -1. -1.  1. -1.  1. -1.  1.  1. -1.  1.  1. -1. -1. -1. -1. -1. -1.
  1.  1.  1.  1.]
16.0
120.0
812.0
[-1.  1. -1.  1.  1. -1.  1. -1.  1. -1.  1. -1.  1.  1. -1.  1. -1.  1.
  1. -1. -1.  1. -1. -1.  1.  1. -1. -1.  1. -1. -1.  1.  1.  1.  1. -1.
 -1.  1. -1.  1. -1. -1.  1. -1.  1. -1. -1.  1.  1. -1.  1.  1.  1. -1.
 -1.  1.  1. -1.  1.  1.  1. -1.  1.  1. -1.  1.  1. -1. -1.  1. -1.  1.
  1.  1. -1.  1. -1.  1. -1. -1. -1.  1.  1. -1.  1. -1.  1. -1.  1. -1.
  1. -1. -1. -1. -1. -1. -1.  1. -1.  1.  1. -1.  1. -1. -1.  1. -1.  1.
 -1.  1. -1. -1.  1. -1. -1.  1.  1.  1.  1. -1. -1.  1. -1.  1.  1.  1.
 -1. -1.  1.  1. -1. -1.  1. -1.  1. -1. -1.  1. -1. -1. -1.  1.  1. -1.
  1. -1.  1.  1. -1. -1. -1. -1.  1. -1.  1. -1.  1. -1. -1. -1. -1.  1.
  1.  1.  1.  1. -1. -1.  1. -1.  1.  1.  1.  1.  1.  1.  1. -1. -1.  1.
  1. -1. -1.  1.  1.  1. -1.  1.  1. -1. -1. -1. -1. -1. -1.  1.  1. -1.
 -1. -1.  1.  1. -1.  1.  1. -1.  1.  1. -1. -1.  1.  1. -1.  1.  1.  1.
  1. -1.  1. -1.  1. -1.  1. -1. -1. -1.  1. -1.  1. -1. -1.  1. -1.  1.
 -1.  1.  1. -1. -1. -1.  1.  1. -1.  1. -1. -1. -1.  1.  1.  1.  1. -1.
 -1.  1. -1. -1.]
2.0
127.0
815.0
[ 1. -1.  1.  1.  1. -1.  1. -1. -1.  1.  1. -1. -1. -1.  1.  1.  1. -1.
  1.  1. -1. -1. -1. -1.  1. -1. -1. -1. -1.  1.  1. -1. -1.  1. -1. -1.
  1. -1. -1. -1. -1.  1. -1.  1. -1.  1.  1. -1.  1.  1. -1. -1. -1.  1.
 -1. -1. -1.  1. -1. -1.  1. -1.  1.  1. -1.  1.  1. -1. -1.  1.  1.  1.
 -1.  1. -1. -1.  1. -1.  1.  1.  1. -1. -1.  1.  1. -1. -1. -1. -1. -1.
 -1.  1.  1.  1.  1. -1. -1. -1. -1. -1.  1. -1.  1.  1. -1.  1. -1.  1.
  1. -1. -1.  1.  1.  1.  1.  1. -1.  1. -1.  1.  1. -1. -1.  1. -1.  1.
 -1. -1. -1.  1.  1. -1. -1.  1. -1.  1. -1. -1.  1.  1.  1.  1. -1. -1.
  1.  1. -1. -1.  1. -1.  1.  1.  1.  1.  1.  1. -1.  1. -1.  1.  1. -1.
 -1. -1.  1.  1.  1.  1.  1.  1. -1. -1.  1.  1. -1.  1. -1.  1. -1.  1.
 -1.  1.  1. -1.  1. -1.  1.  1.  1. -1.  1. -1.  1.  1.  1.  1. -1. -1.
 -1.  1. -1. -1. -1. -1. -1. -1.  1. -1. -1. -1.  1. -1. -1. -1. -1. -1.
 -1.  1.  1.  1. -1.  1. -1.  1. -1. -1.  1. -1. -1.  1. -1. -1.  1. -1.
 -1.  1.  1.  1.  1.  1. -1. -1. -1.  1.  1. -1.  1. -1.  1. -1. -1.  1.
 -1. -1.  1. -1.]
-8.0
132.0
818.0
[-1.  1. -1.  1. -1.  1. -1.  1.  1. -1. -1.  1.  1.  1. -1. -1. -1.  1.
 -1. -1.  1.  1.  1.  1. -1.  1. -1. -1.  1. -1. -1.  1.  1. -1.  1. -1.
 -1.  1.  1.  1.  1. -1.  1. -1.  1. -1. -1. -1. -1. -1.  1. -1.  1. -1.
  1.  1.  1.  1.  1. -1. -1.  1. -1. -1.  1.  1. -1.  1.  1. -1. -1. -1.
 -1. -1. -1.  1. -1.  1. -1.  1. -1.  1. -1. -1. -1.  1.  1.  1. -1.  1.
  1. -1.  1. -1. -1.  1.  1. -1.  1.  1. -1.  1.  1. -1.  1. -1.  1. -1.
 -1.  1. -1. -1. -1.  1. -1. -1. -1.  1.  1. -1. -1.  1.  1. -1.  1. -1.
  1.  1.  1. -1. -1.  1. -1. -1. -1. -1.  1.  1. -1. -1. -1. -1. -1.  1.
 -1. -1. -1. -1. -1.  1.  1. -1.  1. -1. -1. -1.  1.  1.  1.  1.  1. -1.
  1. -1. -1. -1. -1. -1. -1. -1.  1.  1. -1. -1.  1. -1.  1.  1.  1.  1.
  1. -1.  1.  1. -1. -1.  1. -1. -1. -1. -1.  1. -1.  1. -1.  1.  1. -1.
  1. -1.  1.  1.  1. -1.  1.  1. -1. -1. -1.  1.  1.  1.  1.  1.  1.  1.
  1. -1. -1. -1.  1.  1.  1. -1.  1. -1. -1.  1.  1. -1.  1.  1.  1.  1.
  1. -1. -1.  1. -1. -1. -1.  1.  1. -1.  1.  1. -1. -1. -1. -1.  1. -1.
  1.  1. -1.  1.]
-4.0
130.0
826.0
[-1.  1.  1. -1.  1. -1.  1. -1. -1. -1.  1. -1.  1.  1.  1.  1. -1. -1.
  1. -1. -1.  1. -1. -1.  1. -1. -1. -1.  1.  1. -1.  1. -1.  1.  1. -1.
  1. -1. -1.  1. -1.  1.  1. -1. -1.  1.  1. -1. -1.  1.  1.  1. -1.  1.
 -1.  1.  1.  1. -1. -1.  1. -1. -1.  1. -1.  1.  1.  1. -1.  1. -1. -1.
  1.  1.  1.  1. -1.  1. -1. -1.  1. -1. -1. -1.  1. -1.  1. -1. -1.  1.
 -1.  1.  1.  1.  1. -1. -1. -1. -1. -1.  1. -1.  1. -1. -1.  1. -1. -1.
  1.  1. -1.  1.  1. -1. -1.  1. -1.  1. -1. -1.  1.  1. -1.  1. -1. -1.
 -1. -1.  1.  1. -1.  1. -1. -1.  1. -1. -1. -1. -1.  1. -1.  1.  1. -1.
  1.  1. -1.  1.  1. -1. -1. -1.  1. -1. -1.  1. -1. -1. -1.  1.  1. -1.
 -1. -1.  1.  1.  1.  1.  1. -1. -1. -1.  1.  1.  1.  1.  1.  1.  1.  1.
 -1. -1. -1. -1.  1.  1.  1. -1.  1. -1. -1.  1.  1. -1. -1.  1. -1. -1.
 -1.  1.  1.  1. -1. -1.  1. -1.  1. -1. -1. -1.  1.  1. -1. -1.  1. -1.
  1. -1.  1.  1. -1. -1.  1.  1. -1.  1. -1. -1.  1.  1.  1. -1.  1. -1.
 -1.  1.  1. -1.  1. -1. -1. -1. -1.  1. -1.  1.  1.  1.  1.  1.  1. -1.
  1.  1.  1. -1.]
-2.0
129.0
807.0
[ 1. -1.  1. -1. -1. -1. -1.  1. -1.  1. -1.  1. -1. -1.  1. -1.  1. -1.
 -1.  1. -1. -1.  1.  1.  1. -1.  1.  1. -1.  1.  1. -1. -1.  1. -1.  1.
  1. -1.  1. -1. -1.  1. -1.  1.  1.  1.  1.  1.  1.  1. -1. -1. -1. -1.
 -1. -1. -1. -1. -1.  1. -1.  1. -1.  1.  1. -1.  1. -1.  1. -1.  1.  1.
  1. -1.  1. -1.  1. -1.  1.  1.  1. -1. -1.  1. -1. -1. -1.  1.  1. -1.
  1.  1.  1.  1.  1. -1. -1.  1.  1. -1. -1.  1. -1.  1.  1. -1. -1.  1.
  1. -1.  1.  1.  1.  1.  1. -1.  1. -1. -1.  1.  1. -1. -1.  1. -1.  1.
  1.  1. -1.  1.  1. -1.  1.  1. -1.  1.  1. -1.  1.  1.  1. -1. -1. -1.
 -1. -1.  1. -1.  1. -1.  1.  1. -1.  1.  1.  1. -1. -1. -1. -1. -1.  1.
  1.  1.  1.  1.  1.  1.  1.  1. -1. -1.  1.  1. -1.  1. -1.  1. -1. -1.
 -1.  1.  1. -1. -1. -1. -1.  1.  1. -1.  1.  1.  1. -1.  1. -1.  1.  1.
 -1.  1. -1. -1.  1. -1. -1. -1. -1.  1.  1. -1.  1. -1.  1. -1. -1. -1.
 -1.  1.  1.  1.  1.  1. -1.  1. -1.  1.  1. -1. -1.  1. -1. -1. -1. -1.
  1. -1. -1.  1.  1.  1.  1. -1.  1. -1.  1. -1.  1.  1. -1.  1. -1.  1.
 -1. -1.  1.  1.]
14.0
121.0
817.0
mean:817.0 max_cut_gw:817.0
[0m