[ 1. -1.  1.  1.  1. -1. -1.  1.  1.  1. -1.  1.  1. -1.  1. -1. -1. -1.
  1.  1. -1.  1. -1.  1. -1.  1. -1. -1. -1. -1. -1. -1. -1.  1.  1.  1.
  1. -1.  1.  1.  1.  1. -1. -1.  1. -1.  1.  1. -1. -1. -1.  1. -1.  1.
 -1.  1. -1. -1.  1.  1. -1.  1. -1.  1. -1. -1.  1. -1.  1. -1.  1.  1.
  1. -1.  1.  1. -1.  1.  1.  1. -1. -1.  1.  1. -1.  1. -1. -1. -1.  1.
 -1.  1. -1.  1.  1. -1.  1.  1. -1. -1. -1. -1.  1. -1. -1.  1. -1.  1.
  1. -1. -1. -1. -1. -1. -1. -1. -1.  1. -1. -1.  1. -1. -1. -1.  1. -1.
  1.  1. -1.  1.  1.  1. -1. -1.  1.  1.  1.  1.  1. -1. -1.  1. -1. -1.
  1.  1.  1. -1.  1. -1. -1.  1. -1.  1.  1. -1. -1.  1. -1. -1.  1. -1.
 -1.  1. -1. -1.  1.  1. -1. -1.  1.  1. -1.  1. -1. -1. -1. -1. -1. -1.
  1. -1.  1. -1.  1.  1. -1. -1. -1. -1. -1.  1.  1.  1. -1. -1.  1. -1.
  1. -1. -1.  1. -1.  1. -1.  1.  1.  1. -1.  1.  1.  1.  1. -1.  1. -1.
  1. -1.  1. -1.  1.  1.  1. -1. -1.  1. -1. -1. -1. -1.  1. -1.  1.  1.
 -1.  1.  1. -1.  1.  1. -1. -1. -1. -1.  1. -1.  1.  1. -1.  1. -1. -1.
 -1.  1. -1.  1.  1. -1. -1. -1. -1.  1.  1.  1.  1. -1. -1. -1. -1.  1.
  1. -1.  1. -1.  1. -1. -1. -1. -1. -1. -1.  1. -1. -1.  1. -1. -1.  1.
 -1.  1.  1. -1. -1.  1. -1.  1.  1. -1.  1.  1. -1.  1.  1. -1. -1.  1.
 -1.  1. -1.  1.  1. -1. -1. -1.  1. -1.  1.  1. -1. -1.  1. -1. -1.  1.
 -1. -1. -1. -1.  1. -1.  1.  1.  1.  1. -1. -1. -1.  1. -1.  1.  1.  1.
 -1.  1. -1.  1. -1. -1.  1. -1. -1.  1.  1. -1.  1.  1.  1.  1.  1. -1.
 -1. -1. -1. -1. -1.  1. -1. -1. -1.  1.  1. -1.  1. -1. -1. -1.  1.  1.
 -1. -1.  1.  1. -1.  1. -1.  1. -1.  1. -1.  1. -1.  1.  1. -1.  1. -1.
  1.  1.  1.  1. -1. -1. -1.  1. -1. -1.  1.  1. -1. -1.  1. -1.  1. -1.
 -1.  1.  1.  1. -1. -1. -1. -1.  1.  1.  1.  1.  1. -1. -1.  1. -1. -1.
  1.  1.  1. -1. -1.  1.  1. -1.  1.  1. -1.  1. -1.  1. -1. -1. -1. -1.
  1. -1.  1. -1.  1.  1. -1.  1.  1.  1. -1.  1. -1. -1. -1.  1.  1. -1.
 -1. -1.  1.  1. -1.  1. -1.  1.  1. -1.  1. -1.  1.  1. -1. -1.  1. -1.
  1.  1. -1. -1. -1.  1.  1.  1.  1. -1.  1. -1.  1. -1. -1. -1. -1.  1.
 -1.  1. -1. -1.  1. -1.  1.  1.]
-20.0
266.0
1620.0
[-1. -1.  1.  1. -1. -1. -1.  1. -1.  1.  1. -1.  1.  1.  1. -1.  1. -1.
 -1. -1.  1. -1. -1.  1.  1.  1.  1. -1. -1.  1. -1. -1. -1. -1.  1.  1.
  1. -1. -1.  1.  1.  1. -1.  1.  1. -1.  1.  1. -1. -1. -1.  1.  1. -1.
 -1.  1.  1.  1.  1. -1.  1. -1. -1.  1. -1. -1.  1. -1.  1. -1. -1.  1.
  1. -1. -1.  1. -1.  1. -1.  1. -1. -1. -1.  1. -1.  1.  1.  1. -1.  1.
 -1.  1. -1.  1. -1.  1. -1.  1. -1. -1. -1. -1.  1. -1. -1.  1. -1.  1.
  1. -1. -1. -1.  1. -1. -1.  1.  1.  1. -1.  1.  1. -1. -1.  1. -1. -1.
  1.  1. -1. -1. -1.  1. -1. -1.  1.  1.  1.  1.  1. -1. -1.  1. -1. -1.
 -1.  1. -1.  1.  1. -1. -1.  1. -1.  1.  1. -1.  1.  1.  1. -1.  1. -1.
 -1.  1. -1. -1.  1.  1. -1. -1.  1.  1. -1. -1. -1. -1. -1.  1. -1.  1.
  1.  1.  1. -1. -1.  1. -1. -1. -1.  1. -1.  1.  1.  1. -1.  1. -1. -1.
  1. -1. -1.  1.  1.  1. -1.  1.  1. -1.  1.  1.  1. -1.  1. -1. -1.  1.
  1.  1.  1.  1.  1.  1.  1. -1.  1.  1. -1.  1.  1. -1. -1. -1.  1.  1.
 -1.  1.  1. -1.  1. -1. -1. -1. -1. -1. -1.  1.  1.  1. -1.  1. -1. -1.
 -1. -1. -1. -1. -1. -1. -1. -1. -1. -1.  1.  1. -1.  1. -1. -1. -1.  1.
  1. -1.  1. -1.  1. -1. -1.  1. -1. -1.  1. -1. -1. -1.  1. -1. -1.  1.
 -1.  1.  1. -1. -1. -1. -1.  1.  1.  1.  1.  1. -1.  1.  1.  1. -1. -1.
 -1.  1. -1. -1.  1.  1. -1. -1.  1. -1. -1. -1. -1.  1.  1. -1. -1.  1.
 -1. -1.  1.  1. -1. -1. -1.  1. -1.  1.  1. -1. -1. -1. -1.  1. -1.  1.
 -1. -1.  1. -1. -1. -1.  1. -1. -1. -1.  1.  1.  1.  1. -1.  1.  1. -1.
 -1.  1.  1. -1.  1.  1. -1.  1. -1.  1.  1. -1.  1.  1. -1.  1.  1. -1.
 -1. -1. -1.  1. -1.  1. -1. -1. -1. -1. -1. -1. -1.  1. -1. -1. -1. -1.
 -1. -1.  1.  1. -1. -1. -1. -1. -1.  1.  1.  1.  1.  1.  1.  1.  1.  1.
 -1. -1.  1.  1. -1. -1.  1. -1.  1.  1.  1.  1.  1.  1. -1.  1.  1.  1.
 -1. -1.  1. -1. -1.  1.  1.  1.  1.  1. -1.  1.  1.  1. -1.  1.  1.  1.
 -1. -1.  1. -1.  1. -1. -1.  1.  1.  1.  1.  1. -1. -1.  1. -1.  1. -1.
  1. -1.  1.  1. -1.  1.  1.  1.  1. -1. -1. -1.  1.  1. -1. -1. -1.  1.
  1.  1. -1. -1. -1.  1. -1.  1.  1. -1.  1. -1.  1. -1. -1. -1. -1.  1.
  1. -1. -1. -1.  1. -1. -1.  1.]
-16.0
264.0
1632.0
[ 1. -1. -1. -1.  1.  1.  1. -1. -1.  1. -1.  1.  1. -1.  1. -1. -1.  1.
 -1.  1. -1.  1. -1. -1. -1.  1.  1.  1.  1.  1. -1.  1.  1. -1. -1.  1.
 -1.  1.  1.  1.  1.  1.  1.  1.  1. -1.  1. -1.  1. -1.  1. -1. -1.  1.
  1. -1.  1. -1. -1. -1. -1.  1. -1. -1. -1.  1.  1.  1.  1.  1.  1.  1.
 -1.  1. -1.  1.  1.  1.  1.  1. -1.  1.  1.  1.  1. -1. -1. -1. -1. -1.
 -1. -1.  1. -1.  1. -1.  1.  1. -1.  1. -1.  1. -1.  1.  1. -1. -1. -1.
 -1.  1.  1. -1.  1. -1.  1. -1. -1. -1. -1.  1.  1. -1. -1. -1.  1. -1.
  1. -1.  1.  1. -1. -1.  1. -1.  1.  1.  1. -1. -1.  1.  1. -1.  1. -1.
  1. -1. -1. -1. -1. -1.  1. -1. -1. -1. -1.  1. -1.  1.  1.  1. -1.  1.
 -1. -1.  1. -1. -1.  1.  1.  1. -1.  1. -1. -1.  1.  1.  1. -1. -1.  1.
  1. -1.  1.  1. -1. -1.  1. -1.  1. -1.  1. -1.  1. -1.  1. -1.  1. -1.
 -1.  1. -1. -1. -1.  1. -1.  1.  1.  1.  1. -1.  1. -1. -1. -1.  1.  1.
  1. -1.  1. -1. -1.  1.  1.  1. -1. -1. -1.  1. -1. -1.  1.  1. -1. -1.
  1.  1. -1.  1. -1.  1.  1.  1. -1. -1.  1. -1. -1. -1.  1. -1. -1. -1.
  1.  1. -1. -1. -1.  1. -1.  1. -1. -1.  1.  1. -1.  1. -1. -1.  1. -1.
  1.  1.  1.  1. -1. -1.  1. -1.  1. -1. -1.  1. -1.  1. -1.  1.  1. -1.
  1.  1.  1.  1. -1.  1. -1. -1.  1. -1. -1. -1.  1.  1.  1.  1. -1.  1.
  1. -1.  1.  1.  1. -1.  1.  1. -1.  1. -1. -1.  1. -1.  1.  1. -1.  1.
 -1. -1.  1. -1.  1.  1.  1. -1.  1. -1. -1. -1.  1.  1. -1. -1.  1. -1.
  1.  1. -1.  1. -1. -1.  1.  1.  1.  1.  1.  1.  1. -1.  1. -1. -1.  1.
 -1.  1. -1.  1.  1. -1.  1. -1. -1. -1.  1. -1. -1.  1. -1. -1. -1.  1.
  1.  1. -1. -1. -1. -1. -1.  1.  1.  1.  1. -1.  1.  1.  1. -1.  1.  1.
  1.  1. -1.  1.  1.  1.  1. -1.  1. -1. -1. -1. -1.  1.  1.  1. -1.  1.
  1.  1.  1. -1. -1.  1.  1. -1. -1.  1.  1.  1. -1. -1. -1. -1. -1.  1.
  1.  1. -1.  1.  1. -1. -1.  1. -1. -1.  1. -1. -1.  1.  1. -1. -1. -1.
  1. -1. -1.  1.  1.  1. -1. -1. -1.  1. -1. -1. -1. -1. -1.  1. -1. -1.
 -1. -1. -1. -1.  1.  1. -1.  1.  1. -1. -1.  1.  1. -1.  1.  1. -1. -1.
  1. -1. -1.  1.  1. -1. -1.  1.  1.  1. -1. -1.  1.  1. -1.  1. -1. -1.
 -1.  1.  1.  1. -1.  1.  1. -1.]
8.0
252.0
1606.0
[-1. -1.  1. -1. -1.  1.  1. -1. -1.  1.  1. -1.  1.  1. -1. -1. -1.  1.
 -1.  1. -1.  1.  1.  1.  1.  1.  1. -1.  1.  1.  1.  1.  1. -1. -1.  1.
 -1.  1. -1.  1.  1. -1. -1. -1.  1. -1.  1. -1.  1. -1.  1. -1.  1. -1.
  1. -1.  1.  1. -1.  1. -1. -1.  1. -1.  1.  1. -1.  1. -1.  1.  1. -1.
 -1.  1. -1.  1. -1.  1. -1.  1. -1.  1. -1. -1.  1.  1. -1. -1.  1.  1.
 -1. -1.  1. -1.  1. -1.  1.  1. -1.  1. -1.  1. -1.  1.  1. -1. -1. -1.
 -1.  1.  1. -1.  1. -1.  1. -1. -1. -1.  1.  1. -1.  1. -1. -1. -1.  1.
 -1. -1. -1. -1.  1. -1.  1.  1. -1.  1. -1. -1. -1.  1. -1. -1.  1.  1.
  1. -1. -1.  1. -1.  1.  1. -1.  1. -1. -1. -1.  1.  1.  1.  1. -1. -1.
  1.  1.  1.  1. -1. -1.  1.  1. -1.  1. -1. -1.  1.  1.  1. -1. -1.  1.
 -1. -1.  1.  1.  1. -1.  1. -1.  1. -1. -1. -1.  1. -1. -1.  1.  1. -1.
  1.  1.  1.  1. -1.  1. -1.  1. -1.  1.  1.  1. -1. -1.  1. -1. -1.  1.
 -1.  1. -1.  1. -1. -1.  1.  1.  1. -1. -1.  1. -1.  1. -1.  1. -1. -1.
  1. -1.  1.  1. -1. -1.  1.  1. -1. -1.  1.  1. -1. -1. -1.  1. -1. -1.
  1. -1.  1. -1.  1.  1.  1.  1. -1. -1.  1. -1.  1.  1.  1. -1.  1. -1.
 -1.  1.  1.  1. -1. -1. -1.  1.  1.  1.  1.  1.  1.  1. -1. -1.  1. -1.
  1.  1. -1.  1. -1.  1. -1.  1. -1.  1. -1. -1. -1. -1. -1.  1. -1.  1.
  1. -1.  1.  1.  1. -1. -1.  1. -1. -1. -1. -1.  1. -1.  1.  1. -1.  1.
 -1. -1.  1.  1. -1.  1.  1. -1.  1.  1.  1. -1.  1.  1. -1. -1.  1. -1.
 -1. -1.  1.  1. -1.  1. -1.  1.  1.  1. -1.  1.  1. -1. -1.  1. -1.  1.
 -1.  1.  1.  1.  1. -1. -1.  1. -1.  1. -1.  1. -1. -1. -1.  1. -1. -1.
  1.  1.  1. -1.  1. -1.  1. -1. -1.  1. -1. -1. -1.  1. -1. -1. -1.  1.
 -1.  1. -1.  1.  1. -1.  1. -1.  1.  1. -1. -1.  1.  1. -1.  1. -1.  1.
  1. -1.  1. -1.  1.  1.  1. -1. -1. -1.  1.  1. -1.  1.  1. -1. -1.  1.
 -1.  1. -1. -1.  1. -1. -1.  1. -1.  1.  1. -1.  1.  1. -1. -1. -1.  1.
  1.  1. -1.  1.  1. -1. -1. -1. -1. -1. -1. -1.  1.  1. -1.  1. -1. -1.
  1.  1. -1. -1.  1.  1. -1.  1. -1.  1. -1.  1.  1. -1.  1.  1. -1.  1.
  1. -1. -1.  1.  1. -1. -1. -1.  1.  1.  1.  1.  1.  1. -1.  1.  1. -1.
 -1.  1.  1.  1. -1.  1. -1. -1.]
12.0
250.0
1650.0
[-1.  1.  1. -1.  1. -1. -1.  1.  1. -1.  1. -1. -1.  1. -1.  1. -1. -1.
  1. -1. -1. -1. -1.  1. -1.  1. -1.  1.  1.  1. -1.  1. -1.  1. -1.  1.
  1.  1.  1. -1.  1. -1. -1. -1.  1. -1.  1.  1. -1.  1.  1.  1.  1. -1.
 -1.  1.  1.  1.  1.  1.  1. -1.  1. -1.  1. -1.  1. -1.  1. -1.  1.  1.
  1. -1. -1. -1.  1. -1.  1. -1. -1. -1. -1.  1. -1.  1.  1.  1. -1. -1.
  1.  1.  1.  1. -1. -1.  1. -1.  1.  1. -1. -1.  1. -1. -1.  1.  1.  1.
 -1. -1. -1.  1. -1. -1.  1. -1.  1. -1.  1.  1. -1.  1.  1.  1.  1.  1.
 -1.  1. -1. -1.  1.  1. -1.  1. -1. -1.  1. -1. -1. -1. -1.  1.  1.  1.
 -1. -1.  1. -1. -1.  1. -1.  1.  1. -1.  1.  1. -1.  1.  1. -1.  1.  1.
  1. -1.  1.  1.  1.  1. -1.  1.  1. -1.  1.  1.  1. -1. -1.  1.  1. -1.
 -1.  1. -1. -1.  1.  1. -1.  1. -1.  1. -1. -1. -1.  1.  1.  1. -1.  1.
  1. -1. -1.  1.  1.  1.  1. -1. -1.  1. -1.  1.  1. -1.  1. -1.  1.  1.
  1.  1. -1. -1.  1.  1. -1. -1.  1. -1.  1. -1. -1.  1.  1.  1.  1.  1.
 -1. -1. -1.  1.  1. -1.  1. -1.  1.  1.  1. -1.  1. -1. -1. -1.  1. -1.
 -1.  1.  1.  1.  1.  1.  1.  1. -1.  1.  1.  1.  1. -1.  1. -1. -1.  1.
 -1. -1.  1. -1.  1.  1. -1. -1. -1. -1.  1. -1. -1. -1.  1.  1. -1.  1.
 -1. -1. -1.  1.  1.  1.  1.  1.  1.  1.  1.  1.  1.  1. -1.  1. -1. -1.
 -1. -1.  1. -1.  1. -1. -1. -1. -1. -1. -1.  1.  1.  1. -1. -1.  1. -1.
  1.  1. -1.  1.  1. -1.  1. -1. -1. -1.  1. -1. -1. -1.  1.  1. -1.  1.
  1.  1.  1. -1.  1.  1. -1. -1. -1. -1.  1. -1. -1.  1. -1.  1. -1. -1.
  1. -1.  1.  1. -1.  1. -1.  1.  1.  1. -1.  1.  1. -1.  1. -1. -1.  1.
  1. -1.  1. -1.  1. -1.  1. -1. -1. -1. -1.  1. -1. -1.  1. -1.  1. -1.
 -1. -1.  1. -1. -1. -1. -1. -1. -1. -1. -1.  1.  1. -1. -1.  1.  1. -1.
 -1.  1. -1.  1.  1.  1. -1.  1.  1. -1. -1. -1.  1. -1.  1.  1.  1. -1.
 -1. -1.  1. -1. -1.  1.  1. -1.  1. -1.  1.  1.  1.  1. -1. -1. -1.  1.
 -1.  1.  1. -1. -1.  1.  1.  1.  1. -1. -1. -1.  1.  1.  1. -1.  1.  1.
 -1.  1.  1.  1. -1.  1.  1.  1.  1.  1.  1. -1. -1.  1. -1. -1.  1. -1.
  1.  1. -1. -1. -1. -1. -1. -1. -1.  1.  1.  1. -1. -1. -1. -1. -1.  1.
 -1. -1.  1. -1. -1. -1. -1.  1.]
16.0
248.0
1628.0
[ 1. -1. -1.  1. -1. -1. -1.  1. -1.  1. -1.  1. -1. -1.  1. -1. -1.  1.
  1. -1. -1.  1. -1.  1.  1. -1.  1. -1. -1.  1. -1.  1. -1.  1. -1.  1.
 -1. -1. -1. -1. -1.  1.  1. -1.  1.  1.  1.  1. -1.  1. -1.  1.  1. -1.
 -1.  1. -1.  1. -1.  1. -1. -1.  1.  1.  1.  1. -1. -1. -1.  1. -1. -1.
  1.  1.  1. -1. -1.  1.  1. -1. -1. -1.  1.  1.  1. -1. -1.  1. -1.  1.
 -1. -1.  1. -1.  1. -1.  1.  1. -1. -1.  1. -1. -1.  1. -1.  1. -1.  1.
  1.  1. -1.  1. -1.  1. -1.  1.  1.  1. -1.  1. -1. -1. -1.  1.  1. -1.
  1. -1.  1. -1.  1. -1.  1.  1. -1.  1. -1.  1. -1. -1.  1. -1.  1. -1.
 -1. -1.  1. -1. -1.  1.  1. -1. -1.  1. -1.  1. -1. -1.  1. -1.  1.  1.
  1. -1.  1.  1. -1.  1. -1. -1. -1.  1. -1. -1.  1. -1. -1.  1.  1. -1.
 -1.  1. -1. -1. -1.  1. -1.  1.  1.  1. -1. -1. -1.  1.  1. -1.  1.  1.
  1.  1. -1. -1.  1. -1. -1.  1.  1.  1. -1. -1. -1. -1. -1.  1.  1. -1.
 -1. -1.  1. -1.  1.  1. -1.  1. -1. -1.  1. -1. -1. -1.  1.  1.  1. -1.
  1. -1. -1.  1.  1. -1.  1. -1.  1. -1.  1. -1.  1.  1.  1.  1.  1. -1.
 -1.  1.  1. -1. -1.  1. -1.  1. -1. -1.  1. -1. -1. -1. -1. -1.  1. -1.
  1. -1.  1. -1.  1.  1.  1. -1.  1.  1. -1.  1. -1.  1. -1.  1. -1. -1.
  1.  1.  1.  1. -1.  1. -1. -1.  1. -1.  1.  1. -1.  1.  1.  1. -1.  1.
  1. -1. -1.  1. -1.  1. -1.  1. -1.  1.  1.  1. -1.  1.  1. -1.  1. -1.
 -1. -1. -1. -1.  1. -1. -1.  1. -1.  1.  1.  1.  1. -1.  1.  1.  1.  1.
  1.  1. -1.  1.  1. -1.  1. -1. -1. -1. -1. -1.  1. -1.  1.  1. -1. -1.
 -1.  1. -1.  1. -1. -1. -1.  1. -1.  1.  1. -1.  1. -1.  1.  1.  1.  1.
 -1.  1. -1.  1. -1. -1. -1.  1. -1.  1. -1. -1.  1. -1.  1. -1. -1.  1.
  1. -1. -1.  1.  1.  1. -1.  1.  1. -1.  1.  1.  1.  1.  1.  1.  1. -1.
  1.  1. -1.  1. -1. -1. -1.  1.  1.  1.  1. -1. -1. -1. -1.  1.  1. -1.
  1. -1.  1. -1.  1.  1. -1.  1.  1. -1.  1. -1.  1.  1. -1. -1. -1. -1.
 -1.  1. -1. -1. -1.  1. -1.  1.  1.  1.  1.  1.  1. -1. -1.  1. -1. -1.
  1. -1.  1.  1.  1.  1.  1. -1.  1. -1.  1. -1. -1.  1. -1. -1.  1. -1.
  1. -1.  1. -1. -1.  1. -1.  1. -1. -1.  1.  1. -1. -1.  1. -1.  1. -1.
  1.  1. -1. -1.  1. -1. -1.  1.]
2.0
255.0
1659.0
[ 1. -1.  1. -1.  1. -1. -1.  1.  1.  1. -1. -1.  1. -1.  1. -1. -1.  1.
  1. -1. -1.  1. -1. -1. -1.  1. -1.  1. -1. -1. -1.  1. -1.  1.  1.  1.
  1. -1. -1.  1.  1.  1. -1. -1.  1. -1.  1.  1.  1. -1.  1. -1. -1.  1.
 -1.  1. -1. -1. -1.  1. -1.  1. -1.  1. -1. -1.  1.  1.  1. -1. -1. -1.
  1.  1.  1. -1. -1.  1.  1.  1. -1.  1.  1.  1. -1.  1. -1. -1.  1.  1.
 -1. -1. -1. -1.  1. -1.  1.  1. -1.  1. -1. -1. -1. -1. -1.  1.  1.  1.
  1.  1.  1. -1. -1. -1.  1. -1.  1.  1.  1. -1.  1.  1. -1. -1. -1. -1.
  1. -1. -1. -1.  1.  1. -1. -1. -1.  1. -1.  1. -1.  1.  1.  1. -1. -1.
  1.  1. -1.  1.  1. -1. -1.  1.  1.  1.  1. -1. -1.  1. -1.  1.  1. -1.
 -1.  1.  1.  1. -1. -1.  1. -1.  1.  1.  1.  1. -1.  1.  1. -1.  1. -1.
  1. -1.  1. -1.  1.  1.  1. -1. -1. -1.  1. -1.  1.  1. -1. -1.  1. -1.
 -1. -1.  1.  1. -1.  1. -1.  1.  1.  1. -1.  1. -1.  1.  1. -1. -1. -1.
 -1.  1.  1. -1. -1. -1. -1. -1. -1.  1.  1. -1. -1. -1.  1.  1. -1. -1.
 -1.  1.  1. -1. -1.  1.  1. -1. -1.  1.  1. -1. -1. -1. -1.  1. -1.  1.
  1.  1.  1.  1.  1. -1. -1. -1. -1. -1. -1. -1.  1. -1.  1.  1. -1. -1.
  1. -1.  1.  1.  1. -1.  1. -1. -1. -1. -1.  1. -1.  1. -1. -1.  1. -1.
 -1.  1. -1.  1. -1.  1. -1.  1.  1. -1.  1.  1. -1. -1.  1. -1. -1. -1.
 -1.  1.  1.  1.  1.  1. -1.  1. -1. -1.  1. -1.  1. -1.  1. -1. -1.  1.
 -1. -1.  1. -1.  1. -1.  1. -1.  1.  1.  1. -1.  1.  1. -1.  1.  1. -1.
  1.  1. -1.  1. -1. -1.  1. -1. -1.  1. -1.  1.  1. -1.  1. -1. -1.  1.
 -1. -1. -1. -1. -1.  1.  1. -1. -1.  1. -1.  1.  1. -1. -1.  1.  1.  1.
  1. -1.  1. -1. -1.  1. -1. -1. -1.  1. -1.  1.  1.  1.  1. -1. -1. -1.
 -1.  1. -1.  1. -1. -1. -1.  1. -1. -1. -1.  1. -1.  1. -1. -1.  1. -1.
  1.  1.  1. -1.  1. -1. -1.  1. -1.  1.  1.  1.  1. -1. -1.  1. -1. -1.
  1.  1.  1. -1. -1. -1.  1. -1. -1.  1.  1.  1. -1. -1. -1. -1. -1. -1.
  1. -1.  1. -1.  1.  1. -1.  1.  1.  1. -1.  1.  1.  1. -1.  1. -1. -1.
  1. -1.  1.  1. -1.  1.  1.  1.  1. -1.  1. -1.  1.  1.  1. -1.  1. -1.
  1.  1.  1. -1. -1. -1.  1.  1.  1.  1.  1. -1.  1. -1. -1.  1.  1.  1.
 -1.  1. -1. -1.  1. -1.  1.  1.]
-2.0
257.0
1609.0
[-1. -1.  1. -1. -1.  1.  1. -1. -1.  1.  1. -1. -1.  1. -1.  1. -1. -1.
 -1.  1.  1. -1. -1.  1. -1.  1.  1. -1.  1.  1. -1.  1.  1. -1. -1.  1.
 -1.  1. -1. -1.  1. -1. -1.  1.  1. -1.  1. -1.  1. -1.  1. -1.  1. -1.
 -1. -1.  1. -1.  1.  1.  1. -1. -1. -1.  1.  1. -1.  1. -1.  1.  1.  1.
  1. -1. -1.  1.  1. -1. -1.  1. -1. -1.  1. -1.  1. -1.  1.  1. -1.  1.
 -1. -1.  1. -1. -1. -1.  1.  1. -1.  1. -1.  1.  1.  1.  1. -1. -1.  1.
 -1.  1.  1. -1.  1. -1.  1. -1. -1. -1.  1.  1. -1.  1. -1. -1.  1.  1.
 -1.  1. -1. -1.  1.  1.  1.  1.  1.  1.  1. -1. -1.  1. -1.  1.  1.  1.
  1. -1.  1. -1. -1. -1.  1. -1. -1. -1. -1. -1. -1.  1.  1. -1. -1.  1.
  1. -1.  1. -1. -1.  1. -1.  1. -1. -1.  1. -1.  1. -1.  1. -1. -1.  1.
 -1. -1.  1.  1.  1. -1. -1. -1.  1.  1. -1.  1.  1. -1.  1. -1.  1. -1.
  1.  1. -1.  1. -1.  1.  1. -1.  1. -1.  1.  1.  1. -1. -1.  1. -1.  1.
  1. -1. -1.  1. -1.  1. -1.  1.  1. -1. -1.  1.  1.  1. -1. -1. -1.  1.
  1. -1. -1.  1. -1. -1.  1.  1.  1. -1.  1. -1.  1. -1. -1. -1. -1. -1.
 -1. -1. -1. -1. -1.  1.  1.  1. -1.  1.  1. -1. -1.  1.  1. -1. -1. -1.
  1. -1.  1.  1. -1. -1. -1.  1. -1.  1.  1.  1.  1.  1. -1. -1.  1. -1.
 -1. -1. -1.  1.  1. -1. -1. -1. -1. -1.  1. -1.  1.  1. -1.  1. -1.  1.
  1.  1.  1. -1.  1. -1. -1.  1. -1. -1. -1. -1.  1. -1. -1.  1.  1.  1.
  1. -1.  1.  1. -1. -1.  1.  1. -1. -1.  1. -1.  1.  1.  1. -1.  1. -1.
 -1. -1.  1. -1. -1.  1. -1.  1.  1. -1.  1.  1.  1. -1. -1. -1. -1. -1.
  1.  1. -1.  1. -1. -1. -1.  1. -1. -1.  1.  1.  1.  1. -1. -1. -1.  1.
  1.  1. -1. -1. -1. -1.  1.  1. -1. -1. -1. -1. -1. -1. -1. -1.  1. -1.
 -1.  1.  1.  1.  1. -1. -1. -1.  1. -1.  1. -1.  1.  1.  1.  1.  1.  1.
 -1.  1. -1. -1. -1. -1.  1. -1. -1. -1.  1. -1.  1.  1.  1. -1.  1.  1.
 -1.  1. -1.  1.  1. -1. -1.  1.  1.  1.  1. -1.  1.  1.  1. -1. -1.  1.
 -1.  1. -1.  1.  1.  1.  1. -1. -1. -1. -1. -1. -1.  1.  1.  1. -1.  1.
  1.  1. -1. -1.  1.  1. -1.  1.  1.  1.  1. -1. -1.  1. -1.  1. -1. -1.
  1. -1. -1.  1.  1. -1. -1.  1.  1.  1.  1.  1.  1.  1.  1. -1.  1. -1.
 -1.  1.  1.  1.  1.  1. -1. -1.]
-2.0
257.0
1623.0
[-1.  1. -1.  1.  1. -1.  1. -1.  1. -1.  1.  1.  1.  1. -1. -1.  1. -1.
 -1.  1.  1. -1.  1. -1. -1.  1. -1.  1. -1. -1.  1. -1.  1. -1.  1. -1.
  1.  1.  1.  1. -1.  1.  1.  1. -1.  1. -1.  1.  1. -1. -1. -1. -1.  1.
  1. -1.  1. -1.  1. -1.  1.  1. -1. -1. -1. -1.  1.  1. -1. -1. -1.  1.
 -1.  1. -1.  1.  1.  1. -1. -1.  1.  1. -1.  1. -1. -1.  1. -1.  1. -1.
  1.  1. -1.  1. -1.  1. -1. -1.  1. -1.  1.  1. -1. -1.  1. -1.  1. -1.
  1. -1.  1. -1.  1.  1. -1.  1. -1.  1. -1. -1.  1. -1.  1. -1.  1. -1.
  1.  1.  1.  1. -1. -1. -1. -1.  1. -1.  1.  1.  1. -1.  1. -1. -1. -1.
  1.  1. -1.  1.  1. -1. -1.  1. -1.  1. -1. -1.  1.  1. -1.  1. -1. -1.
 -1.  1. -1. -1.  1. -1.  1. -1.  1. -1. -1.  1. -1.  1.  1. -1. -1.  1.
  1. -1.  1.  1. -1. -1.  1.  1.  1. -1. -1.  1.  1.  1. -1.  1. -1. -1.
 -1. -1.  1. -1. -1.  1.  1. -1. -1. -1.  1. -1.  1.  1.  1.  1.  1.  1.
 -1. -1.  1.  1. -1. -1.  1. -1. -1.  1. -1.  1.  1.  1. -1. -1.  1.  1.
 -1.  1.  1. -1.  1.  1. -1.  1. -1.  1. -1.  1. -1.  1. -1.  1. -1.  1.
  1. -1. -1. -1. -1. -1.  1. -1.  1.  1. -1.  1. -1.  1. -1.  1. -1.  1.
  1.  1. -1. -1. -1.  1. -1.  1. -1. -1. -1.  1.  1. -1.  1. -1.  1.  1.
 -1. -1.  1. -1.  1. -1.  1.  1. -1.  1. -1. -1.  1. -1. -1. -1.  1. -1.
 -1.  1. -1. -1.  1. -1.  1. -1.  1. -1.  1. -1. -1. -1. -1.  1.  1. -1.
 -1.  1.  1.  1. -1.  1. -1. -1.  1.  1. -1.  1. -1.  1. -1. -1. -1. -1.
 -1.  1. -1. -1. -1. -1.  1.  1.  1.  1.  1.  1. -1.  1. -1. -1.  1.  1.
 -1. -1.  1. -1.  1.  1.  1. -1.  1. -1.  1. -1. -1.  1. -1. -1. -1. -1.
  1. -1.  1.  1. -1.  1. -1.  1.  1. -1.  1.  1.  1.  1.  1.  1.  1. -1.
  1. -1.  1.  1. -1.  1.  1.  1. -1.  1. -1.  1. -1. -1. -1. -1. -1. -1.
 -1. -1.  1. -1. -1. -1.  1. -1.  1. -1. -1.  1. -1.  1. -1.  1. -1.  1.
 -1.  1. -1.  1. -1.  1. -1. -1. -1.  1. -1.  1. -1. -1.  1.  1.  1. -1.
  1. -1.  1.  1.  1. -1.  1. -1.  1. -1.  1.  1. -1.  1. -1. -1. -1. -1.
 -1. -1. -1. -1.  1. -1. -1. -1. -1.  1. -1.  1.  1. -1.  1.  1. -1.  1.
 -1. -1.  1.  1. -1.  1.  1.  1.  1. -1. -1. -1.  1.  1.  1. -1. -1. -1.
  1. -1. -1.  1. -1. -1.  1. -1.]
-14.0
263.0
1639.0
[-1.  1. -1.  1.  1.  1.  1. -1.  1. -1.  1. -1.  1.  1. -1.  1.  1. -1.
 -1.  1.  1. -1.  1. -1. -1.  1. -1. -1. -1. -1.  1. -1.  1. -1.  1. -1.
  1.  1.  1.  1. -1.  1.  1.  1. -1.  1. -1.  1.  1. -1. -1. -1. -1.  1.
  1. -1.  1. -1.  1. -1.  1.  1.  1. -1. -1. -1. -1.  1. -1. -1. -1.  1.
 -1.  1. -1. -1.  1. -1. -1. -1.  1.  1. -1. -1.  1. -1.  1.  1.  1. -1.
  1.  1. -1.  1. -1.  1. -1. -1.  1. -1.  1.  1. -1.  1.  1.  1.  1. -1.
  1. -1. -1. -1.  1.  1. -1.  1. -1. -1. -1. -1.  1. -1.  1.  1. -1.  1.
  1.  1.  1.  1. -1. -1. -1. -1.  1. -1.  1.  1.  1. -1. -1. -1. -1.  1.
  1.  1. -1.  1.  1. -1. -1.  1. -1.  1. -1. -1.  1. -1. -1.  1. -1.  1.
 -1.  1. -1. -1.  1. -1.  1. -1.  1. -1. -1.  1. -1.  1.  1. -1. -1.  1.
  1.  1.  1. -1. -1. -1.  1.  1.  1. -1. -1.  1.  1.  1. -1.  1. -1. -1.
 -1. -1.  1.  1.  1.  1.  1. -1. -1. -1.  1. -1.  1.  1.  1.  1. -1.  1.
 -1.  1.  1.  1. -1. -1.  1. -1.  1.  1. -1.  1.  1.  1. -1. -1.  1.  1.
 -1.  1.  1. -1.  1.  1. -1.  1. -1.  1. -1.  1. -1.  1.  1.  1. -1.  1.
  1. -1. -1. -1. -1. -1.  1. -1.  1.  1. -1.  1. -1.  1.  1.  1.  1.  1.
  1.  1. -1. -1. -1.  1.  1.  1. -1. -1.  1. -1.  1. -1.  1. -1. -1.  1.
 -1. -1.  1. -1.  1. -1.  1.  1. -1.  1. -1. -1.  1. -1. -1. -1.  1. -1.
 -1.  1. -1. -1. -1. -1.  1. -1.  1. -1. -1. -1. -1.  1. -1.  1.  1. -1.
  1.  1.  1.  1. -1.  1. -1.  1.  1.  1. -1.  1. -1. -1.  1. -1. -1. -1.
 -1. -1.  1. -1. -1. -1. -1. -1.  1. -1. -1.  1. -1.  1. -1. -1.  1.  1.
 -1.  1.  1. -1.  1.  1.  1. -1.  1. -1.  1. -1. -1.  1. -1.  1. -1. -1.
 -1.  1.  1.  1.  1.  1. -1. -1.  1. -1.  1.  1. -1. -1. -1.  1. -1. -1.
  1. -1.  1.  1. -1. -1.  1. -1. -1.  1. -1. -1. -1. -1. -1. -1. -1.  1.
 -1. -1.  1. -1. -1. -1.  1. -1.  1. -1. -1.  1. -1.  1. -1.  1. -1.  1.
 -1. -1. -1.  1. -1.  1. -1.  1. -1.  1. -1.  1. -1. -1.  1.  1.  1.  1.
  1. -1. -1.  1.  1. -1. -1. -1.  1. -1.  1.  1. -1.  1.  1. -1.  1.  1.
  1.  1.  1. -1. -1. -1.  1. -1. -1.  1. -1.  1.  1. -1.  1.  1. -1.  1.
 -1. -1.  1.  1.  1.  1.  1. -1.  1. -1. -1. -1.  1.  1.  1.  1. -1. -1.
  1. -1. -1.  1. -1. -1.  1. -1.]
-4.0
258.0
1672.0
mean:1633.8 max_cut_gw:1633.8
[0m