[ 1.  1. -1.  1. -1.  1. -1. -1.  1.  1. -1.  1. -1. -1.  1. -1.]
0.0
8.0
46.0
[-1.  1. -1.  1.  1. -1.  1. -1.  1.  1. -1.  1. -1. -1.  1. -1.]
0.0
8.0
46.0
[-1.  1. -1. -1.  1.  1. -1.  1. -1.  1.  1.  1. -1.  1.  1.  1.]
4.0
6.0
44.0
[-1. -1.  1.  1.  1. -1.  1. -1.  1. -1. -1.  1.  1. -1. -1.  1.]
0.0
8.0
46.0
[-1.  1. -1. -1.  1. -1.  1.  1. -1.  1. -1.  1. -1. -1. -1.  1.]
-2.0
9.0
45.0
[ 1.  1. -1.  1. -1.  1. -1. -1.  1.  1. -1.  1. -1. -1.  1. -1.]
0.0
8.0
46.0
[-1.  1. -1. -1.  1.  1. -1.  1. -1.  1.  1.  1. -1.  1.  1. -1.]
2.0
7.0
45.0
[ 1. -1.  1.  1. -1.  1. -1. -1. -1. -1.  1. -1.  1.  1. -1. -1.]
-2.0
9.0
45.0
[-1.  1. -1. -1.  1. -1.  1.  1.  1.  1. -1.  1. -1. -1.  1. -1.]
0.0
8.0
46.0
[-1.  1.  1. -1.  1.  1. -1.  1. -1.  1.  1. -1. -1.  1. -1. -1.]
0.0
8.0
46.0
mean:45.5 max_cut_gw:45.5
[0m