[-1.  1. -1. ...  1. -1. -1.]
-4.0
514.0
3256.0
[-1.  1.  1. ...  1.  1. -1.]
6.0
509.0
3281.0
[ 1.  1. -1. ...  1. -1.  1.]
-12.0
518.0
3274.0
[ 1. -1.  1. ...  1.  1. -1.]
-10.0
517.0
3299.0
[-1. -1. -1. ...  1. -1.  1.]
-6.0
515.0
3307.0
[ 1. -1. -1. ... -1.  1. -1.]
-2.0
513.0
3287.0
[ 1. -1.  1. ...  1.  1.  1.]
-12.0
518.0
3306.0
[ 1.  1.  1. ... -1.  1. -1.]
4.0
510.0
3300.0
[ 1.  1. -1. ...  1. -1.  1.]
8.0
508.0
3264.0
[-1. -1.  1. ... -1. -1.  1.]
-4.0
514.0
3284.0
mean:3285.8 max_cut_gw:3285.8
[0m