[-1.  1. -1.  1. -1. -1.  1.  1. -1. -1. -1.  1.  1. -1. -1.  1. -1.  1.
  1.  1. -1.  1.  1.  1. -1. -1. -1.  1. -1.  1. -1.  1. -1. -1.  1.  1.
 -1. -1.  1.  1. -1. -1.  1.  1.  1.  1.  1. -1. -1.  1. -1. -1. -1.  1.
  1.  1.  1. -1.  1.  1.  1. -1. -1.  1.  1.  1.  1.  1.  1.  1.  1.  1.
 -1. -1.  1. -1.  1.  1. -1. -1.  1.  1.  1. -1. -1. -1.  1. -1.  1.  1.
 -1. -1. -1. -1.  1. -1.  1. -1. -1. -1. -1. -1. -1. -1.  1. -1.  1. -1.
  1.  1. -1. -1.  1. -1.  1. -1. -1.  1.  1.  1.  1.  1. -1. -1.  1.  1.
 -1.  1.]
6.0
61.0
413.0
[ 1. -1. -1.  1.  1. -1.  1. -1. -1.  1. -1.  1. -1. -1. -1.  1. -1.  1.
  1. -1. -1.  1. -1. -1. -1. -1.  1. -1. -1.  1.  1. -1. -1. -1.  1. -1.
  1. -1. -1.  1. -1.  1.  1.  1. -1.  1.  1. -1.  1. -1. -1. -1.  1. -1.
 -1. -1.  1. -1.  1. -1.  1. -1. -1.  1.  1.  1.  1.  1. -1.  1.  1. -1.
 -1. -1. -1.  1.  1. -1. -1.  1. -1.  1.  1. -1.  1.  1.  1. -1.  1.  1.
  1. -1. -1.  1. -1. -1.  1. -1.  1.  1. -1. -1. -1. -1. -1.  1. -1.  1.
  1. -1.  1. -1. -1.  1.  1.  1.  1. -1.  1.  1.  1.  1. -1. -1. -1.  1.
  1. -1.]
-4.0
66.0
402.0
[-1. -1.  1. -1. -1.  1.  1.  1. -1. -1.  1. -1.  1. -1.  1. -1.  1. -1.
 -1. -1.  1. -1.  1.  1. -1. -1. -1.  1.  1. -1.  1. -1.  1.  1. -1.  1.
 -1.  1. -1. -1.  1. -1. -1.  1.  1. -1. -1.  1. -1.  1.  1.  1. -1.  1.
  1.  1. -1.  1. -1.  1. -1.  1.  1. -1.  1. -1.  1. -1. -1. -1.  1. -1.
  1. -1. -1.  1. -1. -1. -1. -1. -1.  1. -1.  1.  1. -1. -1.  1. -1. -1.
 -1.  1.  1. -1.  1.  1. -1.  1. -1.  1. -1.  1. -1.  1. -1. -1.  1. -1.
 -1. -1.  1.  1.  1. -1. -1.  1.  1.  1.  1.  1. -1. -1.  1.  1.  1. -1.
 -1. -1.]
-6.0
67.0
411.0
[-1. -1. -1.  1. -1.  1.  1.  1.  1. -1.  1. -1.  1. -1.  1. -1.  1. -1.
  1. -1.  1. -1.  1.  1. -1. -1. -1.  1.  1. -1. -1. -1. -1. -1.  1.  1.
  1. -1.  1.  1.  1. -1. -1.  1.  1. -1.  1. -1. -1.  1. -1. -1. -1.  1.
  1.  1.  1.  1. -1.  1.  1. -1. -1. -1.  1.  1.  1.  1.  1. -1. -1.  1.
  1.  1. -1. -1.  1.  1. -1. -1.  1. -1. -1.  1. -1. -1.  1.  1.  1. -1.
 -1.  1. -1. -1.  1. -1.  1. -1. -1. -1. -1. -1. -1. -1.  1. -1.  1. -1.
 -1.  1. -1. -1.  1. -1. -1. -1. -1.  1.  1. -1. -1. -1. -1.  1.  1.  1.
 -1.  1.]
-8.0
68.0
406.0
[-1. -1.  1. -1. -1.  1.  1.  1.  1. -1.  1. -1.  1.  1. -1. -1.  1. -1.
  1.  1.  1. -1. -1. -1. -1.  1. -1.  1.  1. -1. -1.  1.  1. -1.  1.  1.
 -1. -1.  1. -1.  1. -1. -1.  1.  1. -1.  1. -1. -1.  1. -1. -1.  1.  1.
 -1.  1. -1.  1. -1.  1.  1. -1.  1. -1. -1.  1.  1.  1.  1. -1. -1.  1.
  1.  1.  1. -1.  1.  1.  1.  1.  1. -1. -1.  1. -1. -1.  1.  1. -1. -1.
 -1.  1. -1. -1.  1. -1.  1. -1. -1. -1.  1. -1.  1. -1.  1. -1.  1.  1.
 -1.  1. -1. -1.  1. -1. -1. -1. -1.  1. -1. -1. -1. -1. -1.  1.  1. -1.
 -1.  1.]
-4.0
66.0
410.0
[ 1. -1.  1. -1. -1.  1.  1. -1.  1. -1.  1. -1.  1.  1.  1. -1.  1. -1.
 -1. -1.  1. -1.  1.  1. -1. -1. -1.  1.  1. -1.  1. -1.  1.  1. -1.  1.
  1. -1.  1. -1.  1. -1. -1.  1.  1. -1. -1.  1. -1.  1.  1.  1.  1.  1.
 -1.  1. -1.  1. -1.  1. -1. -1.  1. -1. -1. -1. -1. -1.  1. -1. -1. -1.
  1.  1. -1.  1.  1.  1.  1.  1.  1. -1. -1.  1.  1. -1.  1.  1. -1. -1.
 -1.  1. -1. -1.  1. -1. -1. -1. -1. -1.  1.  1.  1.  1. -1. -1.  1. -1.
 -1.  1. -1.  1.  1. -1. -1.  1. -1.  1.  1. -1. -1. -1.  1.  1.  1. -1.
 -1.  1.]
0.0
64.0
404.0
[ 1. -1. -1.  1.  1. -1.  1. -1. -1.  1. -1.  1. -1. -1.  1. -1. -1.  1.
 -1. -1.  1. -1.  1.  1. -1. -1.  1. -1. -1.  1.  1. -1. -1.  1.  1. -1.
  1. -1. -1.  1. -1. -1.  1.  1. -1.  1. -1.  1.  1. -1. -1.  1. -1. -1.
  1.  1.  1. -1.  1. -1. -1.  1. -1.  1.  1. -1.  1. -1. -1.  1.  1. -1.
 -1. -1. -1.  1. -1. -1. -1. -1. -1.  1.  1. -1.  1.  1. -1. -1.  1.  1.
  1. -1.  1.  1. -1.  1. -1.  1.  1.  1. -1.  1. -1.  1. -1.  1. -1. -1.
  1. -1.  1.  1. -1.  1.  1.  1.  1. -1.  1.  1.  1.  1.  1. -1. -1.  1.
  1. -1.]
2.0
63.0
415.0
[ 1. -1. -1.  1. -1.  1.  1. -1.  1.  1. -1. -1.  1.  1. -1.  1. -1. -1.
  1. -1. -1.  1. -1. -1.  1. -1.  1. -1. -1.  1.  1.  1. -1. -1.  1. -1.
  1. -1.  1.  1. -1.  1.  1.  1. -1. -1.  1. -1. -1. -1. -1. -1.  1.  1.
 -1. -1.  1.  1.  1.  1.  1. -1. -1. -1. -1.  1.  1.  1.  1.  1. -1.  1.
  1.  1. -1. -1.  1.  1.  1.  1.  1. -1.  1.  1. -1. -1.  1. -1.  1.  1.
  1.  1. -1. -1. -1. -1.  1. -1.  1. -1.  1. -1.  1. -1.  1.  1.  1.  1.
 -1.  1. -1. -1. -1. -1.  1. -1. -1.  1. -1. -1.  1.  1. -1.  1. -1.  1.
 -1.  1.]
6.0
61.0
403.0
[ 1. -1. -1.  1.  1.  1.  1.  1. -1. -1.  1. -1. -1. -1. -1. -1. -1.  1.
  1. -1.  1.  1.  1.  1. -1. -1.  1.  1. -1. -1.  1. -1. -1. -1. -1.  1.
 -1. -1. -1.  1. -1. -1.  1.  1. -1.  1. -1. -1.  1. -1. -1. -1.  1. -1.
  1.  1.  1. -1.  1. -1.  1. -1. -1.  1.  1.  1.  1.  1. -1. -1.  1. -1.
  1. -1. -1. -1.  1.  1. -1.  1. -1.  1.  1.  1.  1.  1.  1. -1.  1.  1.
 -1.  1. -1. -1. -1. -1.  1. -1.  1.  1. -1.  1. -1. -1.  1.  1. -1. -1.
  1.  1. -1.  1. -1. -1.  1. -1.  1. -1.  1.  1.  1.  1. -1. -1.  1.  1.
  1.  1.]
4.0
62.0
396.0
[-1.  1.  1. -1.  1. -1. -1. -1. -1.  1. -1.  1. -1. -1.  1. -1. -1.  1.
 -1. -1.  1. -1.  1.  1.  1. -1.  1. -1. -1.  1.  1. -1.  1.  1. -1. -1.
 -1.  1. -1. -1. -1. -1.  1. -1. -1.  1. -1.  1.  1. -1.  1.  1. -1. -1.
  1. -1. -1. -1.  1. -1. -1.  1.  1.  1.  1. -1. -1. -1. -1. -1.  1. -1.
 -1. -1. -1.  1. -1. -1. -1. -1. -1.  1.  1. -1.  1.  1. -1. -1. -1.  1.
  1. -1.  1.  1. -1.  1. -1.  1.  1.  1. -1.  1. -1.  1. -1.  1. -1. -1.
  1. -1.  1.  1. -1.  1.  1.  1.  1. -1.  1.  1.  1.  1.  1. -1. -1.  1.
  1. -1.]
-8.0
68.0
414.0
mean:407.4 max_cut_gw:407.4
[0m